0 0.999845 0
1 0.999873 2.82302e-05
2 0.999863 1.90744e-05
3 0.999779 8.44586e-05
4 0.999783 6.55419e-05
5 0.999819 6.43399e-05
6 0.999885 8.52343e-05
7 0.99992 8.16917e-05
8 0.999903 7.40133e-05
9 0.999914 6.70801e-05
10 0.999907 6.10442e-05
11 0.999922 5.77926e-05
12 0.999937 5.50366e-05
13 0.99995 5.26933e-05
14 0.999959 4.987e-05
15 0.999963 4.68513e-05
16 0.999976 4.56862e-05
17 0.999968 4.36537e-05
18 0.999976 4.19884e-05
19 0.999979 3.99372e-05
20 0.999977 3.80512e-05
21 0.999978 3.63226e-05
22 0.999978 3.47146e-05
23 0.99998 3.33063e-05
24 0.999977 3.20475e-05
25 0.999974 3.10099e-05
26 0.999988 3.30032e-05
27 0.999994 3.24331e-05
28 0.99999 3.16288e-05
29 0.999994 3.08306e-05
30 0.999993 2.98258e-05
31 0.999982 3.08818e-05
32 0.999981 2.99433e-05
33 0.999978 2.92105e-05
34 0.999978 2.83637e-05
35 0.999978 2.75668e-05
36 0.999967 2.90864e-05
37 0.999964 2.84318e-05
38 0.999971 2.84849e-05
39 0.999969 2.78101e-05
40 0.999972 2.73015e-05
41 0.999975 2.67615e-05
42 0.999979 2.64453e-05
43 0.999978 2.58517e-05
44 0.99998 2.53389e-05
45 0.999978 2.48444e-05
46 0.99998 2.4369e-05
47 0.999976 2.40545e-05
48 0.999976 2.3573e-05
49 0.999975 2.31036e-05
50 0.999973 2.27139e-05
51 0.999976 2.23765e-05
52 0.999975 2.19561e-05
53 0.999971 2.19912e-05
54 0.999968 2.17275e-05
55 0.999968 2.13361e-05
56 0.999967 2.0978e-05
57 0.999966 2.06599e-05
58 0.999963 2.04822e-05
59 0.999965 2.02301e-05
60 0.999967 2.00159e-05
61 0.999971 2.00199e-05
62 0.999976 2.04037e-05
63 0.999978 2.01288e-05
64 0.99998 1.99835e-05
65 0.999978 1.97659e-05
66 0.999979 1.94881e-05
67 0.999978 1.92168e-05
68 0.999978 1.89362e-05
69 0.99998 1.87193e-05
70 0.999978 1.85404e-05
71 0.999977 1.8305e-05
72 0.999978 1.80718e-05
73 0.99998 1.79133e-05
74 0.99998 1.76729e-05
75 0.999985 1.81136e-05
76 0.999984 1.78913e-05
77 0.999983 1.77017e-05
78 0.999983 1.74773e-05
79 0.999985 1.7491e-05
80 0.999984 1.73053e-05
81 0.999985 1.71061e-05
82 0.999984 1.6955e-05
83 0.999983 1.67713e-05
84 0.999982 1.65848e-05
85 0.999982 1.63934e-05
86 0.999981 1.62488e-05
87 0.999981 1.60631e-05
88 0.999981 1.58874e-05
89 0.999981 1.5711e-05
90 0.999983 1.56596e-05
91 0.999985 1.55471e-05
92 0.999984 1.53862e-05
93 0.999986 1.53968e-05
94 0.999987 1.5234e-05
95 0.999987 1.50787e-05
96 0.99999 1.51697e-05
97 0.999989 1.50176e-05
98 0.99999 1.48789e-05
99 0.99999 1.47305e-05
100 0.999989 1.45916e-05
101 0.99999 1.44916e-05
102 0.999992 1.4414e-05
103 0.999992 1.42765e-05
104 0.999991 1.41501e-05
105 0.99999 1.40632e-05
106 0.999989 1.40379e-05
107 0.999987 1.39749e-05
108 0.999988 1.38988e-05
109 0.999991 1.40923e-05
110 0.999991 1.39764e-05
111 0.999992 1.38977e-05
112 0.999994 1.38635e-05
113 0.999994 1.37581e-05
114 0.999994 1.36387e-05
115 0.999995 1.35499e-05
116 0.999995 1.3435e-05
117 0.999994 1.33666e-05
118 0.999995 1.33186e-05
119 0.999994 1.32472e-05
120 0.999995 1.31852e-05
121 0.999994 1.30912e-05
122 0.999995 1.29858e-05
123 0.999995 1.28817e-05
124 0.999995 1.27784e-05
125 0.999992 1.29493e-05
126 0.999993 1.28996e-05
127 0.999994 1.28145e-05
128 0.999995 1.27703e-05
129 0.999995 1.26773e-05
130 0.999994 1.25834e-05
131 0.999994 1.25045e-05
132 0.999995 1.24896e-05
133 0.999995 1.23965e-05
134 0.999995 1.23068e-05
135 0.999994 1.22592e-05
136 0.999994 1.21827e-05
137 0.999994 1.21075e-05
138 0.999992 1.21196e-05
139 0.999993 1.20365e-05
140 0.999994 1.2027e-05
141 0.999994 1.19429e-05
142 0.999993 1.19135e-05
143 0.999993 1.18604e-05
144 0.999994 1.17921e-05
145 0.999994 1.1711e-05
146 0.999992 1.17747e-05
147 0.999993 1.17471e-05
148 0.999992 1.17138e-05
149 0.999993 1.16573e-05
150 0.999993 1.15808e-05
151 0.999992 1.15377e-05
152 0.999993 1.14809e-05
153 0.999993 1.14114e-05
154 0.999993 1.1348e-05
155 0.999992 1.12751e-05
156 0.999992 1.1229e-05
157 0.999992 1.11737e-05
158 0.999993 1.1126e-05
159 0.999992 1.11128e-05
160 0.999991 1.10623e-05
161 0.999992 1.10143e-05
162 0.999992 1.09529e-05
163 0.99999 1.11061e-05
164 0.99999 1.10387e-05
165 0.999989 1.10694e-05
166 0.999989 1.10151e-05
167 0.99999 1.09898e-05
168 0.999989 1.09398e-05
169 0.999989 1.09035e-05
170 0.999988 1.08995e-05
171 0.999989 1.09692e-05
172 0.999989 1.09077e-05
173 0.99999 1.08568e-05
174 0.999991 1.08153e-05
175 0.999991 1.07548e-05
176 0.99999 1.07729e-05
177 0.99999 1.07315e-05
178 0.99999 1.06734e-05
179 0.999989 1.06231e-05
180 0.99999 1.05662e-05
181 0.99999 1.05121e-05
182 0.999989 1.05096e-05
183 0.999989 1.04633e-05
184 0.99999 1.04131e-05
185 0.999989 1.03667e-05
186 0.999989 1.03143e-05
187 0.999989 1.02678e-05
188 0.99999 1.02589e-05
189 0.999989 1.02198e-05
190 0.999989 1.01666e-05
191 0.999988 1.01585e-05
192 0.999988 1.01072e-05
193 0.999989 1.00603e-05
194 0.999987 1.00839e-05
195 0.999988 1.00407e-05
196 0.999988 1.00019e-05
197 0.999989 9.96959e-06
198 0.999989 9.91955e-06
199 0.999989 9.87979e-06
200 0.999991 9.91802e-06
201 0.999991 9.89362e-06
202 0.999992 9.85603e-06
203 0.999992 9.81473e-06
204 0.999991 9.79235e-06
205 0.99999 9.88805e-06
206 0.99999 9.84023e-06
207 0.999991 9.82267e-06
208 0.999991 9.80759e-06
209 0.999991 9.7657e-06
210 0.999992 9.76007e-06
211 0.999993 9.76993e-06
212 0.999992 9.78618e-06
213 0.999992 9.74041e-06
214 0.999992 9.7146e-06
215 0.999993 9.69717e-06
216 0.999993 9.65517e-06
217 0.999993 9.61079e-06
218 0.999993 9.57662e-06
219 0.999993 9.53318e-06
220 0.999994 9.50413e-06
221 0.999994 9.46471e-06
222 0.999994 9.42372e-06
223 0.999994 9.38156e-06
224 0.999994 9.35304e-06
225 0.999994 9.31991e-06
226 0.999994 9.28256e-06
227 0.999994 9.2513e-06
228 0.999994 9.24182e-06
229 0.999994 9.20156e-06
230 0.999993 9.16928e-06
231 0.999993 9.14908e-06
232 0.999992 9.11514e-06
233 0.999992 9.07818e-06
234 0.999992 9.04103e-06
235 0.999992 9.00506e-06
236 0.999991 9.04836e-06
237 0.999991 9.01163e-06
238 0.999992 9.01082e-06
239 0.999991 8.98156e-06
240 0.999991 8.95325e-06
241 0.999991 8.91798e-06
242 0.999992 8.93923e-06
243 0.999993 8.92915e-06
244 0.999993 8.8997e-06
245 0.999994 8.92109e-06
246 0.999993 8.92467e-06
247 0.999993 8.88866e-06
248 0.999993 8.86375e-06
249 0.999993 8.84152e-06
250 0.999994 8.81624e-06
251 0.999994 8.78249e-06
252 0.999994 8.75398e-06
253 0.999994 8.71945e-06
254 0.999994 8.6853e-06
255 0.999994 8.65198e-06
256 0.999994 8.63275e-06
257 0.999995 8.62403e-06
258 0.999994 8.59122e-06
259 0.999994 8.55819e-06
260 0.999995 8.54576e-06
261 0.999995 8.52721e-06
262 0.999995 8.50698e-06
263 0.999995 8.47471e-06
264 0.999995 8.44714e-06
265 0.999996 8.42031e-06
266 0.999995 8.39609e-06
267 0.999995 8.36505e-06
268 0.999996 8.35965e-06
269 0.999997 8.3633e-06
270 0.999997 8.33553e-06
271 0.999997 8.30703e-06
272 0.999997 8.28146e-06
273 0.999997 8.25996e-06
274 0.999997 8.23857e-06
275 0.999997 8.21289e-06
276 0.999996 8.21874e-06
277 0.999996 8.20496e-06
278 0.999996 8.17579e-06
279 0.999996 8.14683e-06
280 0.999995 8.12769e-06
281 0.999995 8.10598e-06
282 0.999995 8.07901e-06
283 0.999996 8.0909e-06
284 0.999996 8.07149e-06
285 0.999997 8.04644e-06
286 0.999996 8.02076e-06
287 0.999996 7.99642e-06
288 0.999996 7.98025e-06
289 0.999995 7.95988e-06
290 0.999996 7.93286e-06
291 0.999996 7.91774e-06
292 0.999996 7.8957e-06
293 0.999996 7.89034e-06
294 0.999994 7.96034e-06
295 0.999994 7.97484e-06
296 0.999993 7.95218e-06
297 0.999993 7.9258e-06
298 0.999994 7.93928e-06
299 0.999995 7.99515e-06
300 0.999995 7.97691e-06
301 0.999995 7.95165e-06
302 0.999995 7.92647e-06
303 0.999994 7.90661e-06
304 0.999994 7.88592e-06
305 0.999994 7.86012e-06
306 0.999995 7.87798e-06
307 0.999995 7.85533e-06
308 0.999995 7.83041e-06
309 0.999995 7.80517e-06
310 0.999995 7.78049e-06
311 0.999995 7.75569e-06
312 0.999994 7.74423e-06
313 0.999994 7.72189e-06
314 0.999994 7.73368e-06
315 0.999994 7.7568e-06
316 0.999994 7.73235e-06
317 0.999995 7.70822e-06
318 0.999995 7.68589e-06
319 0.999995 7.66192e-06
320 0.999994 7.65644e-06
321 0.999994 7.63654e-06
322 0.999995 7.63645e-06
323 0.999994 7.702e-06
324 0.999994 7.68133e-06
325 0.999994 7.66027e-06
326 0.999995 7.64342e-06
327 0.999994 7.62097e-06
328 0.999995 7.62377e-06
329 0.999995 7.60536e-06
330 0.999995 7.60949e-06
331 0.999996 7.59995e-06
332 0.999995 7.61846e-06
333 0.999996 7.61602e-06
334 0.999996 7.61557e-06
335 0.999997 7.6055e-06
336 0.999996 7.6136e-06
337 0.999996 7.60236e-06
338 0.999996 7.58029e-06
339 0.999997 7.56072e-06
340 0.999998 7.60063e-06
341 0.999998 7.59594e-06
342 0.999998 7.58137e-06
343 0.999997 7.5707e-06
344 0.999998 7.54984e-06
345 0.999997 7.53735e-06
346 0.999998 7.55636e-06
347 0.999998 7.53473e-06
348 0.999998 7.51392e-06
349 0.999998 7.49244e-06
350 0.999997 7.50271e-06
351 0.999997 7.48539e-06
352 0.999997 7.46458e-06
353 0.999997 7.44464e-06
354 0.999998 7.43058e-06
355 0.999998 7.41129e-06
356 0.999998 7.40597e-06
357 0.999998 7.38526e-06
358 0.999998 7.36881e-06
359 0.999998 7.35836e-06
360 0.999998 7.3518e-06
361 0.999997 7.33376e-06
362 0.999998 7.33221e-06
363 0.999998 7.31252e-06
364 0.999998 7.29445e-06
365 0.999998 7.27455e-06
366 0.999998 7.25677e-06
367 0.999998 7.23761e-06
368 0.999998 7.23785e-06
369 0.999997 7.22105e-06
370 0.999998 7.23696e-06
371 0.999998 7.22393e-06
372 0.999998 7.20862e-06
373 0.999997 7.23167e-06
374 0.999997 7.21746e-06
375 0.999997 7.20304e-06
376 0.999997 7.18891e-06
377 0.999997 7.18961e-06
378 0.999998 7.17321e-06
379 0.999998 7.17535e-06
380 0.999998 7.16153e-06
381 0.999998 7.15572e-06
382 0.999998 7.13701e-06
383 0.999998 7.12537e-06
384 0.999998 7.11953e-06
385 0.999998 7.10637e-06
386 0.999997 7.10611e-06
387 0.999997 7.08793e-06
388 0.999998 7.07587e-06
389 0.999998 7.05839e-06
390 0.999998 7.04117e-06
391 0.999998 7.02324e-06
392 0.999998 7.00597e-06
393 0.999998 6.98835e-06
394 0.999998 6.97069e-06
395 0.999998 6.95553e-06
396 0.999998 6.95035e-06
397 0.999998 6.94014e-06
398 0.999998 6.92483e-06
399 0.999998 6.90767e-06
400 0.999997 6.90085e-06
401 0.999997 6.88519e-06
402 0.999997 6.86902e-06
403 0.999997 6.8596e-06
404 0.999997 6.84279e-06
405 0.999997 6.82592e-06
406 0.999997 6.83877e-06
407 0.999996 6.82628e-06
408 0.999996 6.827e-06
409 0.999996 6.81199e-06
410 0.999996 6.79545e-06
411 0.999996 6.77924e-06
412 0.999996 6.76364e-06
413 0.999996 6.75204e-06
414 0.999996 6.73649e-06
415 0.999996 6.72149e-06
416 0.999995 6.71057e-06
417 0.999995 6.70831e-06
418 0.999996 6.72348e-06
419 0.999995 6.73015e-06
420 0.999995 6.72236e-06
421 0.999995 6.72558e-06
422 0.999995 6.71474e-06
423 0.999995 6.70191e-06
424 0.999995 6.68897e-06
425 0.999996 6.67344e-06
426 0.999995 6.66285e-06
427 0.999996 6.65327e-06
428 0.999996 6.63781e-06
429 0.999996 6.62971e-06
430 0.999996 6.63161e-06
431 0.999997 6.62363e-06
432 0.999997 6.60929e-06
433 0.999996 6.60675e-06
434 0.999997 6.59426e-06
435 0.999996 6.58199e-06
436 0.999996 6.5681e-06
437 0.999997 6.57484e-06
438 0.999997 6.56891e-06
439 0.999997 6.55931e-06
440 0.999998 6.55973e-06
441 0.999998 6.54503e-06
442 0.999998 6.53144e-06
443 0.999998 6.52121e-06
444 0.999998 6.50873e-06
445 0.999998 6.49421e-06
446 0.999998 6.48198e-06
447 0.999997 6.48173e-06
448 0.999997 6.46915e-06
449 0.999997 6.47495e-06
450 0.999997 6.46137e-06
451 0.999997 6.44796e-06
452 0.999997 6.44611e-06
453 0.999997 6.43266e-06
454 0.999997 6.42433e-06
455 0.999997 6.41228e-06
456 0.999996 6.40784e-06
457 0.999996 6.39479e-06
458 0.999996 6.38165e-06
459 0.999997 6.36908e-06
460 0.999996 6.37195e-06
461 0.999996 6.36433e-06
462 0.999996 6.36286e-06
463 0.999997 6.35478e-06
464 0.999997 6.34113e-06
465 0.999996 6.33964e-06
466 0.999996 6.32607e-06
467 0.999996 6.31255e-06
468 0.999996 6.30419e-06
469 0.999997 6.2935e-06
470 0.999996 6.29829e-06
471 0.999996 6.28495e-06
472 0.999996 6.278e-06
473 0.999997 6.26589e-06
474 0.999997 6.25924e-06
475 0.999997 6.2461e-06
476 0.999996 6.24188e-06
477 0.999997 6.22895e-06
478 0.999996 6.21621e-06
479 0.999996 6.2115e-06
480 0.999996 6.20467e-06
481 0.999996 6.19196e-06
482 0.999996 6.19748e-06
483 0.999996 6.18621e-06
484 0.999996 6.17401e-06
485 0.999996 6.16386e-06
486 0.999996 6.16841e-06
487 0.999996 6.15885e-06
488 0.999996 6.15455e-06
489 0.999996 6.14199e-06
490 0.999997 6.15196e-06
491 0.999997 6.15389e-06
492 0.999997 6.14647e-06
493 0.999997 6.13744e-06
494 0.999997 6.12508e-06
495 0.999997 6.12116e-06
496 0.999997 6.10946e-06
497 0.999997 6.09815e-06
498 0.999997 6.08632e-06
499 0.999997 6.08133e-06
