0    -6.36472
1    -6.36464
2     -6.3645
3    -6.36431
4    -6.36406
5    -6.36377
6    -6.36341
7      -6.363
8    -6.36254
9    -6.36202
10    -6.36144
11    -6.36081
12    -6.36012
13    -6.35937
14    -6.35857
15    -6.35771
16    -6.35679
17    -6.35581
18    -6.35476
19    -6.35366
20     -6.3525
21    -6.35127
22    -6.34997
23    -6.34862
24    -6.34719
25    -6.34555
26    -6.34399
27    -6.34236
28    -6.34066
29    -6.33888
30    -6.33704
31    -6.33481
32    -6.33281
33    -6.33043
34    -6.32828
35    -6.32589
36    -6.32341
37    -6.32086
38    -6.31822
39    -6.31518
40    -6.31236
41    -6.30915
42    -6.30614
43    -6.30258
44    -6.29923
45    -6.29533
46    -6.29178
47    -6.28812
48    -6.28421
49    -6.28034
50    -6.27605
51    -6.27195
52    -6.26789
53     -6.2637
54    -6.25894
55    -6.25451
56    -6.24965
57    -6.24466
58    -6.23894
59    -6.23353
60    -6.22799
61    -6.22261
62    -6.21723
63    -6.21111
64    -6.20529
65    -6.19931
66    -6.19349
67     -6.1866
68     -6.1803
69    -6.17399
70    -6.16752
71    -6.16057
72    -6.15345
73     -6.1457
74    -6.13808
75    -6.13059
76    -6.12321
77    -6.11504
78    -6.10669
79    -6.09815
80    -6.08987
81    -6.08124
82    -6.07242
83    -6.06325
84    -6.05388
85    -6.04461
86    -6.03469
87    -6.02472
88    -6.01469
89    -6.00461
90    -5.99387
91    -5.98308
92    -5.97238
93    -5.96178
94    -5.95068
95    -5.93921
96    -5.92785
97    -5.91583
98    -5.90391
99    -5.89165
100    -5.87934
101    -5.86699
102    -5.85445
103    -5.84142
104    -5.82805
105    -5.81512
106    -5.80171
107    -5.78813
108    -5.77469
109    -5.76079
110    -5.74688
111    -5.73238
112    -5.71805
113    -5.70373
114    -5.68914
115    -5.67444
116    -5.65978
117    -5.64532
118    -5.63002
119     -5.6151
120     -5.6001
121    -5.58474
122    -5.56933
123    -5.55388
124    -5.53825
125    -5.52305
126     -5.5077
127     -5.4922
128    -5.47731
129    -5.46216
130    -5.44719
131    -5.43167
132     -5.4162
133    -5.40156
134    -5.38625
135    -5.37133
136    -5.35667
137    -5.34226
138    -5.32769
139    -5.31324
140    -5.29894
141    -5.28494
142    -5.27065
143    -5.25639
144    -5.24291
145    -5.22977
146    -5.21637
147    -5.20348
148    -5.19081
149     -5.1782
150    -5.16567
151    -5.15353
152    -5.14177
153    -5.12996
154     -5.1187
155    -5.10739
156    -5.09634
157    -5.08555
158    -5.07534
159    -5.06539
160    -5.05557
161    -5.04541
162    -5.03599
163      -5.027
164    -5.01859
165    -5.01016
166    -5.00231
167     -4.9946
168    -4.98731
169    -4.98001
170    -4.97299
171    -4.96639
172    -4.96008
173    -4.95434
174    -4.94842
175    -4.94308
176    -4.93725
177    -4.93214
178    -4.92744
179    -4.92315
180    -4.91911
181    -4.91518
182    -4.91164
183    -4.90805
184      -4.905
185    -4.90173
186    -4.89883
187    -4.89632
188    -4.89387
189    -4.89194
190    -4.89006
191    -4.88794
192    -4.88617
193    -4.88489
194     -4.8838
195    -4.88304
196    -4.88245
197    -4.88174
198    -4.88149
199    -4.88156
200    -4.88147
201    -4.88153
202    -4.88158
203    -4.88192
204    -4.88209
205    -4.88239
206     -4.8831
207    -4.88363
208    -4.88441
209    -4.88576
210    -4.88704
211    -4.88812
212    -4.88959
213    -4.89069
214    -4.89201
215    -4.89325
216    -4.89426
217    -4.89577
218    -4.89719
219    -4.89942
220    -4.90109
221    -4.90279
222    -4.90469
223    -4.90631
224    -4.90841
225    -4.91038
226    -4.91237
227    -4.91392
228    -4.91563
229    -4.91734
230    -4.91921
231    -4.92138
232    -4.92355
233    -4.92555
234     -4.9274
235    -4.92893
236    -4.93075
237    -4.93256
238    -4.93404
239    -4.93566
240    -4.93756
241    -4.93943
242    -4.94098
243    -4.94281
244    -4.94431
245    -4.94594
246    -4.94739
247    -4.94898
248    -4.95054
249    -4.95207
250    -4.95344
251    -4.95494
252    -4.95658
253    -4.95789
254     -4.9592
255    -4.96049
256    -4.96192
257    -4.96335
258    -4.96462
259    -4.96635
260    -4.96792
261    -4.96951
262    -4.97125
263    -4.97285
264    -4.97447
265    -4.97594
266    -4.97744
267    -4.97881
268     -4.9805
269    -4.98237
270    -4.98397
271    -4.98559
272    -4.98755
273    -4.98938
274    -4.99095
275     -4.9927
276    -4.99449
277    -4.99646
278    -4.99772
279    -4.99976
280    -5.00169
281     -5.0038
282    -5.00579
283    -5.00796
284    -5.00971
285    -5.01134
286    -5.01329
287    -5.01542
288    -5.01742
289    -5.01944
290    -5.02178
291    -5.02443
292    -5.02649
293    -5.02856
294    -5.03093
295    -5.03331
296    -5.03583
297    -5.03804
298     -5.0404
299    -5.04274
300    -5.04492
301    -5.04723
302    -5.04953
303    -5.05209
304    -5.05373
305    -5.05564
306    -5.05782
307    -5.05981
308    -5.06161
309    -5.06353
310    -5.06525
311    -5.06692
312    -5.06825
313    -5.07014
314    -5.07168
315    -5.07346
316     -5.0752
317    -5.07643
318    -5.07791
319    -5.07948
320    -5.08054
321    -5.08155
322     -5.0828
323      -5.084
324    -5.08498
325     -5.0856
326    -5.08692
327    -5.08788
328    -5.08893
329    -5.08977
330      -5.091
331    -5.09171
332    -5.09222
333    -5.09281
334    -5.09365
335    -5.09428
336     -5.0947
337    -5.09521
338    -5.09596
339    -5.09605
340    -5.09622
341    -5.09604
342     -5.0961
343    -5.09625
344    -5.09633
345    -5.09636
346    -5.09618
347    -5.09579
348    -5.09548
349    -5.09512
350    -5.09439
351    -5.09421
352    -5.09396
353    -5.09321
354    -5.09269
355    -5.09225
356    -5.09146
357    -5.08999
358    -5.08907
359    -5.08778
360    -5.08672
361    -5.08576
362    -5.08472
363    -5.08348
364    -5.08216
365    -5.08093
366    -5.07964
367    -5.07828
368    -5.07655
369    -5.07537
370    -5.07306
371    -5.07114
372    -5.06915
373     -5.0671
374    -5.06514
375    -5.06281
376    -5.06073
377    -5.05874
378    -5.05593
379    -5.05352
380     -5.0509
381    -5.04838
382    -5.04596
383    -5.04318
384    -5.04066
385    -5.03824
386    -5.03578
387    -5.03298
388    -5.03044
389    -5.02756
390    -5.02481
391    -5.02187
392    -5.01906
393    -5.01608
394    -5.01308
395    -5.01022
396     -5.0072
397    -5.00432
398    -5.00114
399    -4.99826
400    -4.99509
401    -4.99223
402    -4.98953
403    -4.98595
404    -4.98285
405    -4.97993
406    -4.97704
407    -4.97418
408    -4.97107
409    -4.96845
410    -4.96559
411    -4.96307
412    -4.96062
413    -4.95808
414    -4.95575
415    -4.95349
416     -4.9513
417    -4.94934
418    -4.94776
419    -4.94581
420    -4.94424
421    -4.94246
422    -4.94093
423    -4.93978
424    -4.93873
425    -4.93732
426    -4.93617
427    -4.93556
428     -4.9346
429    -4.93344
430    -4.93253
431    -4.93202
432    -4.93162
433    -4.93102
434    -4.93068
435    -4.93058
436    -4.93044
437    -4.93055
438    -4.93077
439    -4.93108
440    -4.93119
441     -4.9314
442    -4.93171
443    -4.93226
444    -4.93306
445    -4.93381
446    -4.93479
447    -4.93541
448    -4.93582
449    -4.93692
450    -4.93795
451    -4.93906
452    -4.94011
453    -4.94153
454    -4.94273
455    -4.94355
456    -4.94474
457    -4.94601
458    -4.94779
459    -4.94965
460    -4.95187
461    -4.95385
462    -4.95589
463    -4.95768
464    -4.95968
465    -4.96189
466    -4.96384
467      -4.966
468     -4.9685
469    -4.97075
470    -4.97259
471    -4.97507
472    -4.97714
473    -4.97939
474    -4.98168
475    -4.98416
476    -4.98667
477     -4.9889
478    -4.99146
479    -4.99405
480    -4.99665
481    -4.99958
482    -5.00238
483     -5.0055
484    -5.00818
485    -5.01087
486    -5.01327
487    -5.01613
488    -5.01884
489    -5.02171
490    -5.02488
491     -5.0279
492    -5.03031
493    -5.03346
494    -5.03631
495    -5.03929
496    -5.04166
497    -5.04446
498    -5.04709
499    -5.04969
500    -5.05227
501    -5.05482
502    -5.05688
503    -5.05936
504    -5.06195
505    -5.06434
506    -5.06655
507    -5.06855
508     -5.0708
509    -5.07315
510    -5.07544
511    -5.07752
512    -5.07954
513    -5.08164
514    -5.08382
515    -5.08578
516    -5.08751
517    -5.08917
518    -5.09074
519    -5.09224
520    -5.09349
521    -5.09466
522    -5.09589
523    -5.09673
524    -5.09778
525    -5.09904
526     -5.1002
527    -5.10126
528    -5.10162
529    -5.10234
530     -5.1025
531    -5.10301
532    -5.10327
533    -5.10328
534    -5.10303
535    -5.10313
536    -5.10298
537    -5.10302
538    -5.10221
539    -5.10174
540    -5.10087
541    -5.10035
542    -5.09973
543      -5.099
544    -5.09788
545    -5.09635
546    -5.09472
547     -5.0936
548    -5.09238
549    -5.09076
550     -5.0889
551     -5.0874
552    -5.08596
553    -5.08414
554    -5.08222
555    -5.08023
556     -5.0783
557    -5.07614
558     -5.0739
559    -5.07174
560    -5.06952
561    -5.06722
562    -5.06456
563    -5.06183
564     -5.0592
565    -5.05652
566    -5.05379
567    -5.05056
568     -5.0479
569     -5.0452
570    -5.04201
571    -5.03895
572    -5.03617
573    -5.03293
574    -5.02997
575    -5.02702
576    -5.02421
577    -5.02111
578    -5.01817
579    -5.01526
580    -5.01237
581    -5.00966
582    -5.00669
583    -5.00377
584     -5.0009
585    -4.99824
586     -4.9955
587    -4.99268
588    -4.99054
589    -4.98833
590    -4.98607
591    -4.98421
592    -4.98216
593    -4.98021
594    -4.97839
595    -4.97669
596    -4.97527
597    -4.97384
598    -4.97195
599    -4.97112
600    -4.96983
601    -4.96901
602    -4.96774
603    -4.96709
604    -4.96676
605    -4.96645
606    -4.96676
607    -4.96695
608    -4.96731
609      -4.968
610    -4.96857
611    -4.96946
612    -4.96991
613    -4.97129
614    -4.97254
615     -4.9741
616    -4.97597
617    -4.97784
618    -4.97986
619    -4.98203
620    -4.98463
621    -4.98721
622    -4.98946
623    -4.99227
624     -4.9952
625    -4.99792
626    -5.00089
627    -5.00363
628    -5.00676
629    -5.00995
630    -5.01336
631    -5.01667
632    -5.02002
633    -5.02372
634      -5.027
635     -5.0303
636    -5.03362
637    -5.03741
638    -5.04091
639    -5.04441
640    -5.04791
641     -5.0514
642    -5.05503
643    -5.05865
644     -5.0621
645    -5.06567
646    -5.06938
647    -5.07275
648    -5.07578
649    -5.07939
650    -5.08251
651    -5.08543
652    -5.08861
653    -5.09175
654     -5.0953
655    -5.09804
656    -5.10057
657    -5.10366
658    -5.10669
659    -5.10936
660    -5.11212
661    -5.11481
662    -5.11713
663    -5.12014
664    -5.12232
665    -5.12457
666    -5.12675
667    -5.12884
668    -5.13131
669    -5.13353
670    -5.13567
671    -5.13741
672     -5.1395
673     -5.1412
674    -5.14249
675    -5.14398
676    -5.14566
677    -5.14708
678    -5.14838
679    -5.14957
680    -5.15049
681    -5.15144
682    -5.15196
683    -5.15251
684    -5.15278
685    -5.15308
686    -5.15324
687    -5.15327
688    -5.15362
689    -5.15339
690    -5.15286
691    -5.15206
692    -5.15127
693    -5.15035
694    -5.14899
695    -5.14795
696    -5.14693
697    -5.14548
698    -5.14375
699    -5.14204
700    -5.14051
701    -5.13885
702    -5.13662
703    -5.13472
704    -5.13256
705    -5.13029
706    -5.12805
707    -5.12556
708    -5.12297
709    -5.12013
710    -5.11689
711    -5.11371
712     -5.1109
713     -5.1077
714    -5.10458
715    -5.10139
716    -5.09827
717    -5.09479
718    -5.09155
719     -5.0884
720    -5.08505
721    -5.08105
722    -5.07745
723    -5.07412
724    -5.07059
725    -5.06688
726    -5.06315
727    -5.05893
728    -5.05513
729    -5.05132
730    -5.04749
731    -5.04364
732    -5.03978
733    -5.03575
734    -5.03171
735    -5.02767
736    -5.02392
737    -5.01957
738    -5.01552
739    -5.01162
740    -5.00772
741    -5.00398
742    -4.99994
743    -4.99591
744     -4.9922
745    -4.98819
746     -4.9845
747    -4.98053
748    -4.97688
749    -4.97264
750    -4.96903
751     -4.9653
752    -4.96144
753    -4.95777
754    -4.95413
755    -4.95083
756    -4.94742
757    -4.94359
758    -4.94027
759    -4.93684
760    -4.93361
761    -4.92984
762    -4.92687
763    -4.92367
764    -4.92038
765    -4.91745
766    -4.91445
767    -4.91167
768    -4.90943
769    -4.90666
770    -4.90381
771    -4.90121
772    -4.89854
773    -4.89612
774    -4.89363
775    -4.89125
776     -4.8888
777    -4.88676
778    -4.88497
779    -4.88313
780     -4.8814
781    -4.87991
782    -4.87854
783    -4.87681
784    -4.87535
785    -4.87399
786    -4.87259
787    -4.87159
788    -4.87055
789    -4.87006
790    -4.86923
791     -4.8688
792    -4.86832
793    -4.86794
794     -4.8678
795    -4.86761
796    -4.86752
797    -4.86751
798    -4.86729
799    -4.86791
800    -4.86816
801    -4.86864
802    -4.86905
803    -4.86953
804    -4.87008
805     -4.8707
806    -4.87108
807    -4.87198
808    -4.87279
809    -4.87395
810    -4.87471
811    -4.87567
812    -4.87653
813    -4.87788
814    -4.87928
815    -4.88025
816    -4.88142
817    -4.88262
818    -4.88324
819    -4.88435
820    -4.88548
821    -4.88618
822    -4.88765
823    -4.88885
824    -4.89052
825    -4.89205
826    -4.89314
827     -4.8944
828    -4.89597
829    -4.89756
830    -4.89916
831    -4.90061
832    -4.90192
833    -4.90324
834    -4.90471
835    -4.90605
836    -4.90754
837    -4.90888
838    -4.91053
839    -4.91203
840    -4.91354
841     -4.9152
842    -4.91657
843    -4.91824
844    -4.91961
845    -4.92129
846    -4.92266
847    -4.92404
848    -4.92542
849    -4.92711
850    -4.92865
851    -4.93003
852    -4.93158
853    -4.93297
854    -4.93451
855    -4.93605
856    -4.93745
857    -4.93899
858    -4.94054
859    -4.94193
860    -4.94287
861    -4.94456
862    -4.94626
863    -4.94795
864    -4.94948
865    -4.95086
866    -4.95254
867    -4.95391
868    -4.95558
869    -4.95709
870     -4.9586
871    -4.95995
872    -4.96128
873    -4.96276
874    -4.96407
875    -4.96553
876    -4.96697
877    -4.96825
878    -4.96951
879    -4.97076
880    -4.97229
881     -4.9738
882    -4.97514
883    -4.97631
884    -4.97746
885    -4.97873
886    -4.97998
887    -4.98121
888    -4.98255
889    -4.98372
890    -4.98471
891    -4.98552
892    -4.98675
893    -4.98795
894    -4.98882
895     -4.9901
896    -4.99089
897    -4.99164
898    -4.99251
899    -4.99334
900    -4.99413
901    -4.99487
902    -4.99557
903    -4.99608
904    -4.99654
905    -4.99756
906    -4.99808
907    -4.99871
908    -4.99913
909     -4.9995
910    -4.99982
911    -5.00009
912    -5.00031
913    -5.00032
914    -5.00043
915    -5.00019
916    -5.00049
917    -5.00044
918    -5.00002
919    -4.99986
920    -4.99963
921    -4.99981
922    -4.99947
923    -4.99892
924    -4.99847
925    -4.99811
926    -4.99754
927    -4.99677
928    -4.99609
929    -4.99505
930    -4.99395
931    -4.99295
932    -4.99204
933    -4.99063
934    -4.98932
935    -4.98825
936    -4.98699
937    -4.98597
938    -4.98491
939    -4.98349
940    -4.98233
941    -4.98113
942    -4.97989
943     -4.9783
944    -4.97682
945    -4.97531
946    -4.97345
947    -4.97187
948    -4.97025
949    -4.96876
950    -4.96693
951    -4.96524
952    -4.96351
953    -4.96192
954    -4.96062
955    -4.95884
956    -4.95721
957    -4.95556
958    -4.95361
959    -4.95165
960    -4.95014
961    -4.94894
962    -4.94713
963    -4.94503
964    -4.94293
965    -4.94115
966    -4.93924
967    -4.93764
968    -4.93606
969     -4.9342
970    -4.93252
971    -4.93087
972    -4.92955
973    -4.92781
974    -4.92625
975    -4.92489
976    -4.92372
977    -4.92229
978    -4.92121
979    -4.92003
980    -4.91844
981    -4.91706
982    -4.91603
983     -4.9146
984    -4.91369
985    -4.91269
986    -4.91174
987    -4.91086
988    -4.91004
989    -4.90929
990    -4.90905
991    -4.90857
992    -4.90801
993    -4.90752
994    -4.90709
995    -4.90703
996    -4.90673
997    -4.90664
998    -4.90678
999    -4.90727
1000    -4.90708
1001    -4.90725
1002    -4.90762
1003    -4.90806
1004    -4.90825
1005     -4.9085
1006    -4.90894
1007    -4.90929
1008    -4.90954
1009    -4.90984
1010    -4.91063
1011    -4.91116
1012    -4.91159
1013    -4.91251
1014    -4.91301
1015    -4.91385
1016    -4.91472
1017    -4.91518
1018    -4.91581
1019    -4.91678
1020    -4.91717
1021    -4.91788
1022    -4.91877
1023    -4.91954
1024    -4.92048
1025    -4.92143
1026    -4.92241
1027    -4.92325
1028    -4.92456
1029    -4.92619
1030    -4.92738
1031    -4.92828
1032    -4.92934
1033    -4.93042
1034    -4.93151
1035    -4.93275
1036    -4.93386
1037    -4.93528
1038    -4.93641
1039    -4.93754
1040    -4.93838
1041    -4.93953
1042    -4.94069
1043    -4.94201
1044    -4.94333
1045    -4.94467
1046    -4.94586
1047     -4.9466
1048    -4.94766
1049    -4.94872
1050    -4.94979
1051    -4.95072
1052    -4.95211
1053    -4.95321
1054    -4.95447
1055    -4.95604
1056    -4.95732
1057    -4.95831
1058    -4.95977
1059    -4.96108
1060    -4.96242
1061    -4.96361
1062    -4.96467
1063    -4.96605
1064     -4.9679
1065    -4.96977
1066    -4.97136
1067    -4.97251
1068    -4.97414
1069    -4.97594
1070    -4.97761
1071    -4.97885
1072    -4.98042
1073    -4.98187
1074    -4.98379
1075    -4.98514
1076    -4.98681
1077    -4.98837
1078    -4.99025
1079    -4.99217
1080    -4.99381
1081    -4.99564
1082    -4.99704
1083    -4.99893
1084    -5.00084
1085    -5.00279
1086    -5.00492
1087    -5.00692
1088    -5.00896
1089    -5.01102
1090     -5.0125
1091    -5.01462
1092    -5.01676
1093    -5.01877
1094    -5.02111
1095    -5.02361
1096    -5.02599
1097    -5.02838
1098    -5.03064
1099    -5.03276
1100    -5.03504
1101    -5.03702
1102    -5.03901
1103    -5.04116
1104    -5.04361
1105     -5.0459
1106    -5.04789
1107    -5.05003
1108    -5.05215
1109    -5.05442
1110    -5.05651
1111    -5.05844
1112     -5.0608
1113    -5.06269
1114      -5.065
1115    -5.06683
1116    -5.06938
1117    -5.07145
1118    -5.07348
1119    -5.07531
1120    -5.07726
1121    -5.07901
1122    -5.08071
1123    -5.08221
1124    -5.08412
1125    -5.08582
1126    -5.08731
1127    -5.08889
1128    -5.09012
1129    -5.09173
1130    -5.09313
1131    -5.09431
1132    -5.09527
1133    -5.09707
1134    -5.09834
1135     -5.0994
1136    -5.10038
1137    -5.10158
1138    -5.10242
1139    -5.10317
1140    -5.10385
1141      -5.104
1142    -5.10422
1143    -5.10452
1144    -5.10459
1145    -5.10518
1146     -5.1054
1147    -5.10554
1148    -5.10605
1149    -5.10618
1150    -5.10608
1151    -5.10606
1152    -5.10551
1153    -5.10534
1154    -5.10494
1155    -5.10463
1156    -5.10393
1157    -5.10317
1158     -5.1025
1159    -5.10175
1160    -5.10094
1161    -5.09992
1162    -5.09914
1163    -5.09815
1164     -5.0971
1165      -5.096
1166     -5.0947
1167    -5.09366
1168    -5.09242
1169    -5.09144
1170    -5.08998
1171    -5.08863
1172    -5.08755
1173    -5.08584
1174    -5.08442
1175    -5.08267
1176    -5.08121
1177     -5.0799
1178    -5.07828
1179    -5.07665
1180    -5.07504
1181    -5.07358
1182    -5.07214
1183    -5.07088
1184    -5.06979
1185    -5.06858
1186    -5.06725
1187    -5.06612
1188    -5.06458
1189    -5.06385
1190    -5.06243
1191    -5.06092
1192    -5.06023
1193    -5.05916
1194    -5.05847
1195    -5.05786
1196    -5.05689
1197    -5.05601
1198    -5.05537
1199    -5.05528
1200    -5.05514
1201     -5.0548
1202    -5.05487
1203    -5.05489
1204    -5.05486
1205     -5.0551
1206    -5.05513
1207    -5.05557
1208    -5.05597
1209    -5.05646
1210    -5.05736
1211    -5.05835
1212    -5.05944
1213    -5.06076
1214    -5.06172
1215     -5.0629
1216     -5.0637
1217    -5.06503
1218    -5.06641
1219    -5.06785
1220    -5.06919
1221    -5.07072
1222    -5.07258
1223    -5.07417
1224    -5.07577
1225    -5.07754
1226    -5.07915
1227    -5.08061
1228    -5.08237
1229    -5.08364
1230     -5.0855
1231    -5.08717
1232    -5.08896
1233    -5.09024
1234    -5.09162
1235    -5.09278
1236    -5.09419
1237    -5.09537
1238    -5.09632
1239     -5.0975
1240    -5.09858
1241    -5.09958
1242    -5.10017
1243    -5.10067
1244    -5.10106
1245     -5.1012
1246    -5.10153
1247    -5.10174
1248    -5.10215
1249    -5.10244
1250    -5.10245
1251    -5.10265
1252    -5.10228
1253    -5.10208
1254    -5.10176
1255    -5.10086
1256    -5.09983
1257    -5.09853
1258    -5.09725
1259      -5.096
1260    -5.09462
1261    -5.09311
1262    -5.09133
1263    -5.08957
1264    -5.08784
1265    -5.08583
1266    -5.08371
1267    -5.08161
1268    -5.07955
1269    -5.07722
1270    -5.07447
1271    -5.07192
1272    -5.06894
1273    -5.06586
1274    -5.06283
1275    -5.05969
1276     -5.0563
1277    -5.05237
1278    -5.04864
1279    -5.04513
1280    -5.04138
1281    -5.03785
1282     -5.0341
1283    -5.03043
1284    -5.02654
1285    -5.02274
1286    -5.01889
1287    -5.01484
1288     -5.0106
1289    -5.00662
1290    -5.00215
1291    -4.99797
1292    -4.99346
1293    -4.98895
1294    -4.98488
1295    -4.98082
1296    -4.97662
1297    -4.97244
1298    -4.96798
1299     -4.9637
1300    -4.95977
1301    -4.95619
1302    -4.95266
1303    -4.94844
1304    -4.94445
1305    -4.94008
1306    -4.93639
1307     -4.9331
1308    -4.92961
1309    -4.92607
1310    -4.92249
1311    -4.91933
1312    -4.91674
1313    -4.91383
1314    -4.91075
1315    -4.90795
1316     -4.9053
1317    -4.90278
1318    -4.90072
1319     -4.8988
1320    -4.89689
1321    -4.89527
1322    -4.89367
1323    -4.89206
1324    -4.89106
1325    -4.88977
1326    -4.88848
1327     -4.8878
1328    -4.88742
1329    -4.88704
1330    -4.88695
1331    -4.88687
1332    -4.88662
1333    -4.88651
1334    -4.88699
1335     -4.8873
1336    -4.88758
1337    -4.88799
1338    -4.88852
1339    -4.88946
1340    -4.89051
1341    -4.89151
1342    -4.89261
1343     -4.8938
1344    -4.89509
1345    -4.89631
1346    -4.89805
1347    -4.89987
1348    -4.90146
1349    -4.90311
1350    -4.90497
1351    -4.90673
1352    -4.90839
1353    -4.91024
1354    -4.91184
1355    -4.91362
1356    -4.91558
1357    -4.91787
1358    -4.91988
1359    -4.92192
1360    -4.92412
1361    -4.92573
1362    -4.92781
1363     -4.9299
1364    -4.93214
1365    -4.93408
1366    -4.93602
1367    -4.93811
1368    -4.94034
1369    -4.94227
1370    -4.94464
1371     -4.9467
1372     -4.9492
1373    -4.95122
1374    -4.95369
1375    -4.95553
1376    -4.95751
1377    -4.95961
1378    -4.96139
1379    -4.96314
1380    -4.96502
1381    -4.96702
1382    -4.96885
1383    -4.97064
1384    -4.97255
1385    -4.97428
1386    -4.97598
1387    -4.97765
1388    -4.97988
1389    -4.98147
1390    -4.98258
1391    -4.98425
1392    -4.98558
1393    -4.98732
1394    -4.98858
1395    -4.98994
1396    -4.99111
1397    -4.99254
1398    -4.99408
1399    -4.99512
1400    -4.99657
1401    -4.99768
1402    -4.99844
1403    -4.99931
1404    -5.00089
1405    -5.00136
1406     -5.0024
1407    -5.00324
1408    -5.00389
1409    -5.00479
1410    -5.00535
1411    -5.00602
1412    -5.00679
1413    -5.00722
1414     -5.0073
1415    -5.00765
1416     -5.0084
1417    -5.00881
1418    -5.00918
1419    -5.00875
1420    -5.00889
1421    -5.00944
1422    -5.00981
1423    -5.01013
1424    -5.00996
1425    -5.00991
1426    -5.01012
1427    -5.01045
1428    -5.01058
1429    -5.01038
1430     -5.0103
1431    -5.01018
1432    -5.01002
1433    -5.00968
1434    -5.00931
1435    -5.00874
1436     -5.0083
1437    -5.00797
1438    -5.00775
1439    -5.00735
1440    -5.00677
1441    -5.00615
1442    -5.00549
1443    -5.00511
1444    -5.00453
1445    -5.00362
1446    -5.00267
1447    -5.00184
1448    -5.00112
1449    -5.00022
1450    -4.99943
1451    -4.99815
1452    -4.99729
1453    -4.99624
1454     -4.9953
1455    -4.99463
1456    -4.99377
1457    -4.99272
1458    -4.99165
1459    -4.99038
1460    -4.98923
1461    -4.98804
1462    -4.98682
1463    -4.98557
1464    -4.98414
1465    -4.98267
1466    -4.98133
1467    -4.97966
1468    -4.97826
1469    -4.97668
1470    -4.97539
1471    -4.97346
1472    -4.97182
1473    -4.97046
1474    -4.96924
1475    -4.96769
1476    -4.96599
1477    -4.96427
1478    -4.96284
1479    -4.96126
1480    -4.95967
1481    -4.95807
1482    -4.95632
1483    -4.95518
1484    -4.95359
1485      -4.952
1486    -4.95072
1487    -4.94915
1488    -4.94743
1489    -4.94604
1490    -4.94435
1491    -4.94269
1492    -4.94134
1493    -4.93972
1494    -4.93842
1495     -4.9373
1496     -4.9359
1497    -4.93453
1498    -4.93334
1499    -4.93204
1500    -4.93077
1501    -4.92954
1502     -4.9285
1503    -4.92765
1504    -4.92624
1505    -4.92518
1506    -4.92446
1507    -4.92335
1508    -4.92258
1509    -4.92202
1510    -4.92122
1511    -4.92047
1512    -4.91917
1513    -4.91899
1514    -4.91858
1515    -4.91823
1516    -4.91794
1517    -4.91742
1518    -4.91697
1519    -4.91674
1520    -4.91659
1521    -4.91651
1522     -4.9165
1523    -4.91657
1524    -4.91718
1525    -4.91741
1526    -4.91756
1527    -4.91765
1528    -4.91797
1529    -4.91867
1530     -4.9193
1531    -4.92016
1532    -4.92079
1533    -4.92182
1534    -4.92246
1535    -4.92379
1536    -4.92459
1537    -4.92591
1538    -4.92656
1539    -4.92803
1540    -4.92911
1541    -4.93071
1542    -4.93222
1543     -4.9338
1544    -4.93542
1545     -4.9371
1546    -4.93883
1547    -4.94045
1548    -4.94257
1549    -4.94457
1550    -4.94631
1551    -4.94852
1552    -4.95046
1553    -4.95257
1554     -4.9547
1555    -4.95654
1556    -4.95884
1557    -4.96099
1558    -4.96344
1559    -4.96543
1560    -4.96741
1561    -4.96922
1562    -4.97117
1563     -4.9728
1564    -4.97486
1565    -4.97658
1566    -4.97827
1567    -4.97993
1568    -4.98185
1569    -4.98388
1570    -4.98602
1571    -4.98781
1572    -4.98925
1573    -4.99079
1574    -4.99227
1575     -4.9937
1576    -4.99477
1577    -4.99609
1578    -4.99734
1579    -4.99869
1580    -4.99982
1581    -5.00089
1582     -5.0019
1583      -5.003
1584    -5.00388
1585    -5.00455
1586    -5.00531
1587    -5.00571
1588    -5.00619
1589    -5.00677
1590    -5.00728
1591    -5.00744
1592    -5.00784
1593    -5.00833
1594    -5.00817
1595    -5.00825
1596    -5.00889
1597    -5.00902
1598    -5.00956
1599     -5.0096
1600    -5.00945
1601    -5.00955
1602    -5.00932
1603     -5.0092
1604    -5.00919
1605    -5.00886
1606    -5.00864
1607      -5.009
1608    -5.00843
1609     -5.0083
1610    -5.00829
1611    -5.00766
1612    -5.00733
1613    -5.00698
1614    -5.00632
1615     -5.0061
1616    -5.00588
1617    -5.00551
1618    -5.00529
1619    -5.00506
1620    -5.00424
1621    -5.00358
1622    -5.00352
1623    -5.00318
1624    -5.00284
1625    -5.00282
1626    -5.00236
1627    -5.00206
1628    -5.00178
1629    -5.00167
1630    -5.00142
1631    -5.00119
1632    -5.00098
1633    -5.00078
1634    -5.00076
1635     -5.0003
1636    -5.00032
1637     -5.0002
1638    -4.99995
1639    -5.00002
1640    -5.00011
1641    -5.00021
1642    -5.00018
1643    -5.00017
1644    -5.00017
1645    -5.00003
1646    -5.00021
1647    -5.00055
1648    -5.00091
1649    -5.00066
1650    -5.00028
1651    -5.00051
1652    -5.00074
1653    -5.00098
1654    -5.00092
1655    -5.00116
1656    -5.00125
1657    -5.00119
1658    -5.00128
1659    -5.00106
1660    -5.00113
1661     -5.0012
1662    -5.00125
1663    -5.00145
1664    -5.00118
1665    -5.00166
1666    -5.00167
1667    -5.00181
1668    -5.00179
1669    -5.00175
1670    -5.00199
1671    -5.00145
1672    -5.00135
1673    -5.00153
1674    -5.00169
1675    -5.00167
1676    -5.00163
1677    -5.00126
1678    -5.00132
1679    -5.00121
1680    -5.00107
1681     -5.0006
1682    -5.00011
1683    -4.99974
1684    -4.99905
1685    -4.99879
1686    -4.99866
1687     -4.9979
1688    -4.99667
1689    -4.99617
1690    -4.99581
1691    -4.99557
1692    -4.99502
1693     -4.9949
1694    -4.99417
1695    -4.99312
1696    -4.99251
1697    -4.99219
1698    -4.99172
1699    -4.99093
1700    -4.98999
1701    -4.98935
1702    -4.98886
1703    -4.98792
1704    -4.98743
1705    -4.98664
1706    -4.98617
1707     -4.9857
1708    -4.98508
1709    -4.98448
1710    -4.98374
1711    -4.98302
1712    -4.98261
1713    -4.98222
1714    -4.98155
1715     -4.9812
1716    -4.98087
1717    -4.98072
1718     -4.9803
1719    -4.97989
1720    -4.97907
1721    -4.97872
1722     -4.9784
1723    -4.97796
1724     -4.9777
1725    -4.97747
1726    -4.97697
1727     -4.9765
1728    -4.97606
1729    -4.97611
1730    -4.97604
1731    -4.97615
1732    -4.97629
1733    -4.97631
1734    -4.97651
1735     -4.9769
1736    -4.97716
1737     -4.9776
1738    -4.97776
1739    -4.97796
1740    -4.97817
1741    -4.97842
1742    -4.97868
1743    -4.97897
1744    -4.97928
1745    -4.97946
1746    -4.97996
1747    -4.98047
1748      -4.981
1749    -4.98095
1750    -4.98135
1751    -4.98178
1752    -4.98221
1753    -4.98249
1754    -4.98294
1755     -4.9834
1756    -4.98386
1757    -4.98478
1758    -4.98494
1759    -4.98541
1760    -4.98602
1761    -4.98649
1762    -4.98695
1763    -4.98787
1764    -4.98832
1765    -4.98892
1766    -4.98966
1767    -4.98995
1768    -4.99023
1769    -4.99064
1770     -4.9909
1771      -4.991
1772     -4.9914
1773    -4.99193
1774     -4.9926
1775    -4.99266
1776    -4.99347
1777    -4.99366
1778    -4.99414
1779    -4.99446
1780    -4.99523
1781    -4.99584
1782    -4.99568
1783    -4.99612
1784    -4.99641
1785    -4.99654
1786    -4.99651
1787    -4.99678
1788    -4.99674
1789     -4.9973
1790    -4.99741
1791    -4.99783
1792    -4.99808
1793    -4.99834
1794     -4.9986
1795    -4.99902
1796    -4.99943
1797     -4.9994
1798    -4.99937
1799     -4.9995
1800    -4.99994
1801    -5.00038
1802    -5.00053
1803    -5.00069
1804    -5.00086
1805    -5.00149
1806    -5.00213
1807    -5.00262
1808    -5.00343
1809    -5.00379
1810    -5.00432
1811    -5.00455
1812    -5.00464
1813    -5.00489
1814    -5.00545
1815    -5.00587
1816    -5.00674
1817    -5.00733
1818    -5.00776
1819    -5.00881
1820    -5.00896
1821    -5.00911
1822    -5.00971
1823    -5.01017
1824    -5.01048
1825    -5.01094
1826     -5.0114
1827    -5.01231
1828    -5.01247
1829    -5.01292
1830    -5.01352
1831    -5.01382
1832    -5.01411
1833    -5.01454
1834    -5.01527
1835    -5.01599
1836    -5.01639
1837    -5.01679
1838    -5.01733
1839    -5.01786
1840    -5.01792
1841    -5.01812
1842    -5.01831
1843    -5.01864
1844    -5.01926
1845    -5.01956
1846    -5.01955
1847    -5.01983
1848    -5.02025
1849     -5.0205
1850    -5.02074
1851    -5.02126
1852    -5.02103
1853    -5.02123
1854    -5.02157
1855    -5.02145
1856    -5.02162
1857    -5.02193
1858    -5.02208
1859    -5.02237
1860    -5.02266
1861    -5.02278
1862     -5.0226
1863    -5.02241
1864    -5.02283
1865    -5.02293
1866    -5.02303
1867    -5.02328
1868    -5.02308
1869    -5.02272
1870    -5.02252
1871    -5.02261
1872    -5.02271
1873     -5.0228
1874    -5.02245
1875     -5.0227
1876     -5.0228
1877    -5.02261
1878    -5.02287
1879    -5.02268
1880    -5.02264
1881    -5.02292
1882    -5.02304
1883    -5.02317
1884    -5.02316
1885     -5.0233
1886    -5.02344
1887    -5.02359
1888    -5.02374
1889     -5.0239
1890    -5.02391
1891    -5.02408
1892    -5.02395
1893    -5.02397
1894      -5.024
1895    -5.02448
1896    -5.02466
1897    -5.02545
1898    -5.02579
1899    -5.02583
1900    -5.02602
1901    -5.02621
1902    -5.02625
1903    -5.02613
1904    -5.02647
1905    -5.02651
1906     -5.0264
1907    -5.02658
1908    -5.02676
1909    -5.02708
1910     -5.0274
1911    -5.02757
1912    -5.02772
1913    -5.02772
1914    -5.02771
1915    -5.02784
1916    -5.02827
1917    -5.02807
1918    -5.02802
1919    -5.02796
1920    -5.02804
1921    -5.02855
1922     -5.0289
1923    -5.02908
1924     -5.0294
1925     -5.0294
1926    -5.02923
1927    -5.02919
1928    -5.02913
1929     -5.0292
1930    -5.02909
1931    -5.02866
1932    -5.02851
1933    -5.02863
1934    -5.02857
1935    -5.02864
1936    -5.02868
1937    -5.02839
1938    -5.02837
1939    -5.02786
1940    -5.02778
1941    -5.02781
1942    -5.02705
1943    -5.02671
1944    -5.02619
1945    -5.02578
1946    -5.02518
1947     -5.0247
1948    -5.02433
1949    -5.02362
1950    -5.02272
1951    -5.02148
1952    -5.02081
1953    -5.01995
1954    -5.01905
1955    -5.01796
1956    -5.01699
1957    -5.01614
1958    -5.01495
1959    -5.01402
1960    -5.01307
1961    -5.01193
1962    -5.01062
1963    -5.00927
1964     -5.0076
1965    -5.00651
1966    -5.00525
1967    -5.00427
1968    -5.00328
1969    -5.00212
1970    -5.00066
1971    -4.99933
1972    -4.99785
1973    -4.99607
1974    -4.99459
1975    -4.99266
1976    -4.99135
1977    -4.99006
1978    -4.98893
1979    -4.98752
1980    -4.98659
1981    -4.98538
1982    -4.98421
1983    -4.98308
1984    -4.98199
1985    -4.98079
1986     -4.9801
1987    -4.97886
1988    -4.97798
1989    -4.97685
1990     -4.9761
1991    -4.97526
1992    -4.97435
1993    -4.97396
1994    -4.97366
1995    -4.97313
1996    -4.97284
1997    -4.97294
1998    -4.97313
1999    -4.97295
2000    -4.97303
2001    -4.97319
2002    -4.97361
2003    -4.97397
2004    -4.97458
2005    -4.97514
2006    -4.97579
2007    -4.97685
2008    -4.97755
2009    -4.97835
2010    -4.97909
2011    -4.98038
2012    -4.98161
2013    -4.98309
2014    -4.98435
2015    -4.98585
2016    -4.98758
2017    -4.98894
2018    -4.99084
2019     -4.9925
2020    -4.99454
2021    -4.99634
2022    -4.99821
2023    -4.99998
2024    -5.00242
2025    -5.00491
2026    -5.00684
2027    -5.00928
2028    -5.01145
2029     -5.0138
2030    -5.01604
2031    -5.01846
2032    -5.02121
2033    -5.02337
2034      -5.026
2035     -5.0282
2036     -5.0307
2037    -5.03321
2038    -5.03542
2039    -5.03794
2040     -5.0409
2041    -5.04356
2042    -5.04605
2043    -5.04838
2044     -5.0507
2045      -5.053
2046    -5.05558
2047    -5.05784
2048    -5.06023
2049    -5.06244
2050    -5.06478
2051    -5.06739
2052    -5.06966
2053    -5.07221
2054    -5.07457
2055    -5.07659
2056    -5.07873
2057    -5.08068
2058     -5.0826
2059    -5.08463
2060    -5.08662
2061    -5.08857
2062    -5.09048
2063    -5.09251
2064    -5.09403
2065    -5.09598
2066    -5.09758
2067    -5.09929
2068    -5.10096
2069    -5.10289
2070    -5.10463
2071    -5.10618
2072    -5.10754
2073      -5.109
2074    -5.11043
2075    -5.11151
2076    -5.11255
2077    -5.11416
2078    -5.11557
2079    -5.11725
2080    -5.11829
2081    -5.11943
2082    -5.12085
2083    -5.12222
2084     -5.1231
2085    -5.12409
2086    -5.12505
2087    -5.12612
2088      -5.127
2089    -5.12769
2090    -5.12865
2091    -5.12957
2092    -5.13016
2093    -5.13086
2094    -5.13137
2095    -5.13216
2096    -5.13276
2097    -5.13332
2098    -5.13386
2099    -5.13452
2100    -5.13499
2101    -5.13559
2102    -5.13586
2103    -5.13609
2104    -5.13646
2105    -5.13664
2106    -5.13741
2107    -5.13785
2108    -5.13812
2109    -5.13791
2110    -5.13829
2111    -5.13819
2112    -5.13838
2113     -5.1384
2114    -5.13826
2115    -5.13825
2116    -5.13823
2117    -5.13835
2118    -5.13846
2119    -5.13871
2120     -5.1388
2121    -5.13918
2122    -5.13926
2123    -5.13918
2124     -5.1391
2125    -5.13947
2126    -5.13953
2127    -5.13959
2128    -5.13966
2129    -5.13957
2130    -5.13964
2131    -5.13986
2132    -5.13993
2133    -5.13986
2134    -5.13963
2135    -5.13957
2136    -5.13981
2137    -5.14007
2138    -5.14002
2139    -5.14029
2140    -5.14042
2141    -5.14055
2142    -5.14054
2143    -5.14069
2144    -5.14115
2145    -5.14118
2146    -5.14121
2147    -5.14125
2148    -5.14146
2149    -5.14183
2150    -5.14207
2151    -5.14201
2152    -5.14227
2153     -5.1424
2154      -5.143
2155    -5.14345
2156    -5.14378
2157    -5.14397
2158    -5.14418
2159    -5.14456
2160    -5.14511
2161    -5.14567
2162    -5.14611
2163    -5.14687
2164     -5.1475
2165    -5.14769
2166    -5.14821
2167     -5.1489
2168    -5.14945
2169    -5.14957
2170    -5.15031
2171    -5.15106
2172    -5.15183
2173    -5.15246
2174     -5.1534
2175     -5.1542
2176    -5.15486
2177    -5.15566
2178    -5.15647
2179    -5.15743
2180    -5.15853
2181    -5.15931
2182    -5.15979
2183    -5.16039
2184    -5.16082
2185    -5.16153
2186    -5.16221
2187    -5.16255
2188      -5.163
2189     -5.1634
2190    -5.16406
2191    -5.16452
2192    -5.16476
2193    -5.16509
2194     -5.1655
2195    -5.16555
2196    -5.16597
2197    -5.16555
2198    -5.16521
2199    -5.16508
2200    -5.16456
2201    -5.16411
2202     -5.1637
2203    -5.16321
2204    -5.16261
2205    -5.16162
2206    -5.16082
2207    -5.15962
2208    -5.15832
2209    -5.15722
2210    -5.15601
2211     -5.1544
2212    -5.15299
2213    -5.15118
2214    -5.14988
2215    -5.14833
2216    -5.14623
2217    -5.14434
2218    -5.14266
2219    -5.13999
2220    -5.13738
2221      -5.135
2222    -5.13269
2223     -5.1303
2224    -5.12769
2225    -5.12486
2226    -5.12227
2227    -5.11962
2228    -5.11692
2229    -5.11416
2230    -5.11166
2231    -5.10882
2232    -5.10609
2233    -5.10302
2234    -5.10023
2235    -5.09711
2236    -5.09381
2237     -5.0908
2238    -5.08748
2239    -5.08445
2240    -5.08126
2241    -5.07792
2242    -5.07519
2243    -5.07232
2244    -5.06931
2245    -5.06646
2246    -5.06317
2247    -5.06006
2248    -5.05668
2249    -5.05332
2250    -5.05059
2251    -5.04775
2252     -5.0451
2253    -5.04249
2254    -5.03961
2255    -5.03679
2256     -5.0337
2257    -5.03097
2258    -5.02814
2259    -5.02552
2260    -5.02295
2261    -5.02044
2262    -5.01814
2263    -5.01575
2264    -5.01343
2265    -5.01132
2266    -5.00897
2267      -5.007
2268    -5.00479
2269    -5.00265
2270    -5.00089
2271    -4.99905
2272    -4.99758
2273    -4.99574
2274    -4.99383
2275    -4.99214
2276    -4.99068
2277    -4.98914
2278    -4.98769
2279    -4.98631
2280    -4.98517
2281    -4.98441
2282    -4.98358
2283    -4.98283
2284    -4.98215
2285    -4.98141
2286    -4.98105
2287    -4.98031
2288    -4.98011
2289    -4.97952
2290    -4.97917
2291    -4.97874
2292    -4.97839
2293    -4.97856
2294    -4.97881
2295    -4.97866
2296    -4.97859
2297    -4.97889
2298    -4.97879
2299    -4.97846
2300    -4.97863
2301    -4.97902
2302    -4.97961
2303     -4.9801
2304    -4.98079
2305    -4.98152
2306      -4.982
2307    -4.98266
2308    -4.98336
2309    -4.98425
2310    -4.98517
2311    -4.98596
2312    -4.98708
2313    -4.98731
2314    -4.98786
2315    -4.98813
2316    -4.98871
2317    -4.98976
2318    -4.99081
2319    -4.99156
2320    -4.99262
2321    -4.99369
2322    -4.99444
2323     -4.9952
2324     -4.9961
2325    -4.99699
2326    -4.99803
2327    -4.99921
2328    -4.99978
2329    -5.00079
2330    -5.00195
2331    -5.00264
2332    -5.00362
2333    -5.00445
2334    -5.00496
2335    -5.00562
2336    -5.00657
2337    -5.00752
2338    -5.00832
2339    -5.00926
2340     -5.0099
2341    -5.01069
2342    -5.01118
2343    -5.01183
2344    -5.01263
2345    -5.01329
2346    -5.01411
2347    -5.01494
2348    -5.01594
2349     -5.0168
2350    -5.01783
2351    -5.01872
2352    -5.01964
2353    -5.02057
2354    -5.02168
2355    -5.02251
2356    -5.02351
2357    -5.02453
2358    -5.02588
2359    -5.02696
2360     -5.0282
2361    -5.02917
2362       -5.03
2363    -5.03101
2364    -5.03233
2365    -5.03352
2366    -5.03472
2367    -5.03609
2368    -5.03761
2369    -5.03884
2370    -5.03991
2371    -5.04084
2372    -5.04176
2373    -5.04298
2374    -5.04448
2375    -5.04567
2376    -5.04654
2377    -5.04783
2378     -5.0491
2379    -5.05019
2380    -5.05139
2381     -5.0524
2382    -5.05291
2383    -5.05353
2384    -5.05455
2385    -5.05522
2386    -5.05598
2387    -5.05683
2388    -5.05716
2389    -5.05788
2390    -5.05839
2391    -5.05882
2392    -5.05932
2393    -5.05946
2394    -5.05966
2395    -5.05964
2396     -5.0597
2397    -5.05967
2398    -5.05957
2399    -5.05938
2400    -5.05897
2401    -5.05863
2402    -5.05837
2403    -5.05787
2404    -5.05746
2405    -5.05727
2406    -5.05627
2407    -5.05564
2408     -5.0548
2409    -5.05375
2410    -5.05309
2411    -5.05208
2412    -5.05131
2413    -5.05035
2414    -5.04934
2415    -5.04784
2416     -5.0466
2417    -5.04504
2418    -5.04374
2419    -5.04243
2420     -5.0414
2421    -5.04006
2422    -5.03855
2423    -5.03705
2424     -5.0354
2425    -5.03405
2426    -5.03317
2427    -5.03185
2428    -5.03086
2429    -5.02944
2430     -5.0282
2431      -5.027
2432    -5.02583
2433    -5.02501
2434    -5.02363
2435    -5.02276
2436    -5.02179
2437    -5.02088
2438    -5.01987
2439    -5.01924
2440    -5.01882
2441    -5.01817
2442    -5.01759
2443    -5.01709
2444    -5.01666
2445    -5.01631
2446    -5.01619
2447    -5.01601
2448     -5.0159
2449    -5.01603
2450    -5.01609
2451    -5.01609
2452    -5.01632
2453    -5.01633
2454    -5.01673
2455    -5.01691
2456    -5.01748
2457    -5.01814
2458    -5.01872
2459    -5.01909
2460    -5.01984
2461    -5.02083
2462    -5.02204
2463    -5.02318
2464     -5.0247
2465    -5.02569
2466    -5.02645
2467    -5.02789
2468    -5.02955
2469    -5.03067
2470    -5.03216
2471    -5.03372
2472    -5.03533
2473    -5.03701
2474    -5.03889
2475    -5.04083
2476    -5.04282
2477    -5.04516
2478     -5.0471
2479    -5.04893
2480     -5.0514
2481    -5.05362
2482    -5.05587
2483    -5.05831
2484    -5.06078
2485    -5.06268
2486    -5.06491
2487    -5.06731
2488    -5.06973
2489    -5.07187
2490    -5.07448
2491    -5.07695
2492    -5.07958
2493    -5.08207
2494    -5.08442
2495    -5.08706
2496    -5.09001
2497    -5.09235
2498    -5.09484
2499    -5.09717
2500    -5.09964
2501    -5.10239
2502    -5.10483
2503    -5.10755
2504    -5.10964
2505    -5.11186
2506    -5.11436
2507    -5.11667
2508    -5.11926
2509    -5.12135
2510    -5.12356
2511    -5.12573
2512    -5.12786
2513    -5.13025
2514    -5.13213
2515    -5.13412
2516    -5.13606
2517    -5.13779
2518    -5.13946
2519    -5.14123
2520    -5.14309
2521    -5.14488
2522    -5.14662
2523    -5.14813
2524    -5.14973
2525    -5.15096
2526    -5.15241
2527    -5.15364
2528    -5.15465
2529    -5.15588
2530    -5.15703
2531    -5.15811
2532    -5.15865
2533    -5.15971
2534    -5.16039
2535    -5.16113
2536    -5.16164
2537    -5.16221
2538    -5.16254
2539    -5.16263
2540    -5.16294
2541    -5.16255
2542    -5.16238
2543    -5.16227
2544    -5.16192
2545    -5.16193
2546    -5.16155
2547    -5.16138
2548    -5.16067
2549    -5.15988
2550    -5.15899
2551    -5.15832
2552    -5.15756
2553    -5.15627
2554    -5.15549
2555    -5.15403
2556    -5.15249
2557    -5.15117
2558    -5.14978
2559    -5.14846
2560    -5.14661
2561      -5.145
2562    -5.14362
2563    -5.14187
2564    -5.14006
2565    -5.13834
2566    -5.13656
2567    -5.13458
2568     -5.1324
2569    -5.13077
2570     -5.1285
2571    -5.12618
2572    -5.12398
2573    -5.12159
2574    -5.11948
2575    -5.11704
2576    -5.11397
2577    -5.11209
2578     -5.1096
2579    -5.10725
2580    -5.10504
2581    -5.10268
2582    -5.10017
2583    -5.09781
2584    -5.09562
2585    -5.09359
2586    -5.09127
2587    -5.08881
2588    -5.08699
2589    -5.08504
2590    -5.08282
2591    -5.08078
2592    -5.07862
2593     -5.0765
2594    -5.07488
2595    -5.07269
2596     -5.0707
2597    -5.06891
2598    -5.06702
2599    -5.06533
2600    -5.06354
2601    -5.06181
2602    -5.06044
2603    -5.05822
2604    -5.05636
2605    -5.05487
2606    -5.05359
2607    -5.05222
2608    -5.05091
2609    -5.04967
2610    -5.04849
2611    -5.04738
2612    -5.04618
2613    -5.04535
2614    -5.04443
2615    -5.04343
2616    -5.04249
2617    -5.04192
2618    -5.04126
2619    -5.04082
2620    -5.03999
2621    -5.03967
2622    -5.03927
2623    -5.03863
2624    -5.03835
2625    -5.03768
2626    -5.03752
2627    -5.03727
2628    -5.03724
2629    -5.03741
2630    -5.03778
2631    -5.03791
2632    -5.03809
2633    -5.03847
2634     -5.0386
2635    -5.03893
2636    -5.03915
2637    -5.03942
2638    -5.03989
2639    -5.03964
2640    -5.04018
2641    -5.04062
2642    -5.04139
2643    -5.04204
2644    -5.04272
2645    -5.04359
2646    -5.04433
2647    -5.04509
2648    -5.04603
2649    -5.04669
2650    -5.04752
2651    -5.04836
2652    -5.04921
2653    -5.05008
2654    -5.05126
2655    -5.05199
2656    -5.05303
2657    -5.05407
2658    -5.05496
2659    -5.05584
2660    -5.05642
2661    -5.05685
2662    -5.05756
2663    -5.05842
2664    -5.05881
2665    -5.05979
2666    -5.06045
2667    -5.06124
2668    -5.06187
2669    -5.06232
2670    -5.06304
2671    -5.06359
2672    -5.06427
2673    -5.06477
2674    -5.06539
2675    -5.06628
2676    -5.06669
2677    -5.06707
2678    -5.06772
2679    -5.06834
2680    -5.06893
2681    -5.06918
2682    -5.06955
2683    -5.07004
2684    -5.06974
2685    -5.06987
2686    -5.06996
2687    -5.07017
2688     -5.0702
2689    -5.07021
2690    -5.07018
2691    -5.07029
2692    -5.07036
2693    -5.07026
2694    -5.07044
2695    -5.07061
2696     -5.0706
2697    -5.07057
2698    -5.07038
2699    -5.07017
2700    -5.06995
2701    -5.06942
2702    -5.06934
2703    -5.06925
2704    -5.06915
2705    -5.06904
2706    -5.06939
2707    -5.06913
2708    -5.06918
2709    -5.06892
2710    -5.06881
2711    -5.06886
2712    -5.06922
2713    -5.06898
2714     -5.0689
2715    -5.06897
2716     -5.0689
2717    -5.06883
2718    -5.06878
2719    -5.06857
2720    -5.06838
2721    -5.06849
2722    -5.06846
2723    -5.06828
2724     -5.0681
2725    -5.06808
2726    -5.06822
2727     -5.0682
2728    -5.06804
2729    -5.06787
2730    -5.06786
2731    -5.06784
2732    -5.06767
2733    -5.06735
2734    -5.06732
2735    -5.06713
2736    -5.06724
2737    -5.06704
2738    -5.06668
2739    -5.06691
2740    -5.06713
2741    -5.06704
2742    -5.06709
2743    -5.06698
2744     -5.0667
2745    -5.06625
2746    -5.06595
2747    -5.06578
2748     -5.0656
2749     -5.0654
2750    -5.06504
2751    -5.06481
2752    -5.06473
2753    -5.06478
2754    -5.06497
2755    -5.06485
2756    -5.06427
2757    -5.06382
2758    -5.06367
2759    -5.06306
2760     -5.0626
2761    -5.06258
2762    -5.06226
2763    -5.06208
2764     -5.0619
2765    -5.06142
2766    -5.06095
2767    -5.06063
2768    -5.06031
2769       -5.06
2770    -5.05969
2771    -5.05909
2772    -5.05896
2773    -5.05884
2774    -5.05843
2775    -5.05804
2776    -5.05781
2777     -5.0576
2778    -5.05741
2779    -5.05739
2780    -5.05724
2781    -5.05726
2782    -5.05731
2783    -5.05738
2784    -5.05717
2785    -5.05684
2786    -5.05713
2787     -5.0573
2788    -5.05765
2789    -5.05773
2790    -5.05783
2791    -5.05781
2792    -5.05812
2793    -5.05845
2794    -5.05866
2795     -5.0589
2796    -5.05931
2797     -5.0599
2798    -5.06006
2799    -5.06055
2800    -5.06091
2801    -5.06114
2802    -5.06139
2803    -5.06181
2804     -5.0624
2805    -5.06287
2806     -5.0635
2807    -5.06429
2808    -5.06526
2809    -5.06578
2810    -5.06617
2811    -5.06687
2812    -5.06743
2813      -5.068
2814    -5.06842
2815    -5.06931
2816     -5.0702
2817    -5.07095
2818      -5.072
2819     -5.0726
2820    -5.07319
2821    -5.07364
2822     -5.0747
2823    -5.07514
2824    -5.07574
2825    -5.07633
2826    -5.07677
2827    -5.07765
2828    -5.07807
2829    -5.07834
2830    -5.07874
2831    -5.07944
2832    -5.08058
2833    -5.08096
2834    -5.08163
2835    -5.08229
2836    -5.08263
2837    -5.08341
2838    -5.08372
2839    -5.08433
2840    -5.08476
2841    -5.08518
2842    -5.08559
2843    -5.08613
2844     -5.0865
2845     -5.0867
2846    -5.08704
2847     -5.0872
2848     -5.0875
2849    -5.08808
2850    -5.08848
2851    -5.08887
2852    -5.08908
2853    -5.08911
2854    -5.08943
2855    -5.08957
2856    -5.08969
2857    -5.08978
2858    -5.08969
2859    -5.08972
2860    -5.08973
2861    -5.09001
2862    -5.08981
2863    -5.08973
2864    -5.08932
2865    -5.08918
2866    -5.08915
2867     -5.0894
2868    -5.08885
2869    -5.08873
2870    -5.08857
2871    -5.08806
2872    -5.08722
2873     -5.0868
2874    -5.08649
2875    -5.08613
2876    -5.08559
2877    -5.08545
2878    -5.08468
2879      -5.084
2880    -5.08314
2881    -5.08223
2882    -5.08128
2883    -5.08043
2884    -5.07924
2885      -5.078
2886    -5.07672
2887     -5.0757
2888    -5.07463
2889    -5.07366
2890     -5.0725
2891    -5.07129
2892    -5.06989
2893    -5.06845
2894    -5.06741
2895    -5.06618
2896    -5.06475
2897    -5.06344
2898    -5.06193
2899    -5.06008
2900    -5.05849
2901    -5.05687
2902    -5.05521
2903    -5.05366
2904    -5.05163
2905    -5.04988
2906    -5.04839
2907    -5.04658
2908    -5.04489
2909    -5.04318
2910    -5.04145
2911    -5.03939
2912    -5.03733
2913    -5.03539
2914    -5.03285
2915     -5.0312
2916     -5.0291
2917    -5.02714
2918    -5.02518
2919    -5.02307
2920    -5.02128
2921    -5.01933
2922     -5.0171
2923    -5.01519
2924    -5.01268
2925    -5.01035
2926    -5.00819
2927    -5.00637
2928    -5.00457
2929     -5.0028
2930    -5.00091
2931    -4.99936
2932     -4.9977
2933    -4.99638
2934    -4.99495
2935    -4.99371
2936    -4.99223
2937    -4.99078
2938    -4.98939
2939    -4.98805
2940    -4.98676
2941    -4.98523
2942    -4.98405
2943    -4.98292
2944    -4.98171
2945     -4.9807
2946    -4.97974
2947     -4.9787
2948    -4.97786
2949    -4.97723
2950    -4.97666
2951    -4.97584
2952    -4.97554
2953    -4.97499
2954    -4.97404
2955     -4.9733
2956    -4.97276
2957    -4.97304
2958    -4.97291
2959    -4.97284
2960    -4.97251
2961    -4.97239
2962    -4.97231
2963    -4.97243
2964    -4.97275
2965    -4.97297
2966    -4.97262
2967    -4.97277
2968    -4.97281
2969    -4.97304
2970    -4.97316
2971    -4.97362
2972    -4.97381
2973    -4.97434
2974    -4.97476
2975    -4.97551
2976    -4.97598
2977    -4.97649
2978    -4.97733
2979    -4.97775
2980    -4.97789
2981    -4.97866
2982    -4.97945
2983    -4.97967
2984    -4.98036
2985    -4.98092
2986    -4.98165
2987    -4.98239
2988    -4.98316
2989    -4.98379
2990    -4.98474
2991    -4.98585
2992    -4.98667
2993    -4.98765
2994    -4.98849
2995    -4.98919
2996    -4.99005
2997    -4.99076
2998    -4.99163
2999    -4.99264
