0    -6.16561
1    -6.06703
2    -5.96394
3      -5.902
4    -5.87435
5    -5.74872
6    -5.66555
7    -5.60154
8    -5.59026
9    -5.48298
10    -5.53622
11    -5.58425
12    -5.48818
13    -5.40383
14    -5.37871
15    -5.45449
16    -5.48501
17    -5.46636
18    -5.46794
19     -5.4343
20    -5.36394
21    -5.32926
22     -5.4484
23    -5.49084
24    -5.48288
25    -5.33796
26    -5.45312
27    -5.36059
28    -5.34584
29       -5.34
30    -5.31753
31    -5.36163
32    -5.45482
33    -5.45369
34    -5.42867
35    -5.36683
36    -5.28359
37    -5.36462
38    -5.36218
39    -5.27157
40    -5.13632
41    -5.05103
42    -5.20495
43     -5.2377
44    -5.23991
45    -5.30524
46    -5.44274
47    -5.43425
48    -5.37658
49    -5.34012
50    -5.41962
51    -5.37012
52    -5.47488
53    -5.53157
54    -5.50655
55    -5.44145
56    -5.37162
57    -5.28892
58    -5.25132
59    -5.29042
60     -5.3091
61    -5.28333
62    -5.27848
63    -5.27371
64    -5.36059
65      -5.323
66    -5.33686
67    -5.41572
68    -5.36604
69     -5.3342
70    -5.32063
71    -5.32521
72    -5.46512
73    -5.38629
74     -5.2682
75    -5.30032
76    -5.26371
77    -5.27872
78    -5.21077
79    -5.25718
80    -5.34649
81    -5.36355
82     -5.3526
83    -5.36054
84    -5.36226
85    -5.40131
86    -5.32271
87    -5.42885
88    -5.40974
89    -5.39022
90     -5.3162
91    -5.33704
92    -5.36848
93    -5.32149
94    -5.24071
95    -5.21061
96    -5.26833
97    -5.25531
98    -5.29121
99    -5.26767
100    -5.27893
101    -5.28435
102    -5.20158
103    -5.21123
104    -5.24377
105    -5.29949
106    -5.20639
107    -5.16656
108    -5.17869
109    -5.22299
110    -5.24309
111    -5.28623
112    -5.31805
113    -5.19677
114    -5.18122
115    -5.05335
116    -5.19077
117    -5.12196
118     -5.1829
119     -5.1327
120    -5.11399
121    -5.14826
122    -5.16294
123    -5.15218
124    -5.11168
125    -5.16932
126    -5.15882
127    -5.22192
128    -5.21041
129    -5.23033
130    -5.18851
131    -5.22557
132    -5.23357
133    -5.18891
134    -5.19879
135    -5.26943
136    -5.19855
137    -5.32871
138    -5.34638
139    -5.31423
140    -5.33782
141    -5.28488
142    -5.17103
143    -5.33043
144    -5.28957
145    -5.20271
146    -5.31268
147    -5.35053
148    -5.32777
149    -5.26095
150    -5.29467
151    -5.24518
152    -5.16373
153    -5.19992
154    -5.12565
155    -5.23874
156    -5.26299
157    -5.33335
158    -5.30473
159     -5.3559
160    -5.37668
161    -5.35124
162    -5.34661
163    -5.25644
164    -5.31717
165    -5.29284
166    -5.30342
167     -5.2628
168    -5.29721
169    -5.29803
170    -5.29185
171    -5.29748
172    -5.30657
173    -5.24296
174    -5.23382
175     -5.1868
176    -5.17217
177    -5.09404
178    -5.24823
179    -5.24142
180    -5.19998
181    -5.20093
182    -5.20643
183    -5.25613
184    -5.14057
185    -5.13925
186    -5.15601
187    -5.13696
188    -5.22933
189    -5.21223
190    -5.20583
191    -5.27969
192    -5.21219
193    -5.23022
194    -5.15262
195    -5.08481
196    -5.06297
197    -5.08028
198    -5.09618
199    -5.11189
200    -5.19129
201    -5.18248
202    -5.18087
203      -5.233
204    -5.18084
205    -5.11364
206    -5.08941
207    -5.11939
208    -5.01241
209    -5.02257
210     -5.0616
211    -5.18532
212    -5.13286
213    -5.24844
214    -5.28342
215    -5.20513
216     -5.1444
217    -5.21974
218    -5.29297
219    -5.23841
220      -5.134
221    -5.09209
222    -5.15189
223    -5.05976
224    -4.97676
225    -4.94219
226    -4.87909
227    -4.78719
228    -4.78268
229    -4.86223
230    -4.89495
231    -4.96544
232    -4.90252
233    -5.04633
234    -4.98983
235    -4.85608
236    -4.93551
237    -4.80163
238    -4.75374
239    -4.86694
240    -4.91203
241    -4.99365
242    -4.94163
243     -4.9477
244    -5.02899
245    -5.00117
246    -5.05169
247    -5.03314
248    -4.99592
249    -4.93555
250    -4.90885
251    -4.95871
252    -5.09236
253    -5.13786
254    -5.09561
255    -5.05547
256    -5.09274
257    -5.01078
258    -5.09464
259    -5.10459
260    -5.09444
261     -5.1717
262     -5.1315
263    -5.13626
264    -5.03834
265    -5.06507
266    -5.12315
267     -5.1141
268    -5.12078
269    -5.07504
270    -5.06058
271    -5.05527
272    -5.12296
273    -5.17794
274    -5.12576
275    -5.04745
276    -5.05364
277    -5.10028
278    -5.03175
279    -5.07639
280     -5.0739
281     -5.0761
282    -4.99462
283     -5.0165
284    -4.99848
285    -4.96326
286    -4.99931
287    -4.95168
288    -5.04937
289    -5.08262
290    -5.13134
291    -5.06416
292     -5.0469
293    -5.07944
294    -5.05791
295    -5.08623
296     -5.0806
297    -5.16863
298    -5.18921
299    -5.12343
300    -5.07813
301    -4.97108
302    -5.08275
303    -5.09232
304    -4.98599
305    -4.96218
306    -4.98686
307    -5.05671
308    -5.12092
309    -4.99544
310    -5.03941
311    -5.05736
312    -5.06451
313    -5.09539
314    -5.06366
315    -5.04782
316     -5.0299
317    -5.13652
318    -5.24518
319    -5.22547
320    -5.17874
321    -5.11048
322    -5.16467
323    -5.15408
324    -5.19482
325    -5.19378
326    -5.19577
327    -5.15196
328    -5.19979
329    -5.26185
330    -5.15861
331    -5.15911
332    -5.21674
333    -5.18041
334    -5.19647
335    -5.10907
336    -5.19096
337    -5.16637
338    -5.10373
339    -5.08016
340    -5.07662
341    -4.91289
342    -4.94061
343    -5.10374
344    -5.14234
345    -5.08709
346    -5.08527
347    -5.00397
348    -4.99555
349    -4.96784
350    -4.99593
351    -5.01399
352     -4.9627
353    -4.93824
354    -4.91713
355    -4.94672
356    -4.98707
357    -4.90181
358     -4.8569
359    -4.90263
360    -4.90955
361    -4.83185
362    -4.91425
363    -4.92334
364    -4.92166
365    -4.75167
366    -4.80236
367    -4.88773
368    -4.90669
369      -4.917
370    -4.92061
371    -4.86171
372    -4.90677
373    -4.86314
374    -4.79877
375    -4.86232
376    -4.92673
377    -4.95399
378    -5.00029
379    -4.95677
380    -4.86956
381    -4.92236
382    -5.01881
383    -4.95761
384    -4.95811
385    -4.89167
386     -4.9723
387    -4.97384
388    -4.89732
389    -4.86738
390    -4.89225
391    -4.96673
392    -5.00426
393    -4.96372
394    -5.02527
395    -4.97715
396    -5.02185
397    -5.02484
398    -5.02578
399    -5.00154
400    -5.07089
401    -5.07973
402    -5.02306
403    -5.01061
404    -4.99122
405    -4.98468
406    -4.89243
407    -4.84666
408     -4.9396
409    -4.95507
410    -4.93422
411    -5.08514
412    -5.09553
413    -5.08816
414     -5.0199
415    -4.99488
416    -4.97086
417    -4.98301
418    -4.99956
419    -4.99995
420    -4.96187
421    -4.95682
422    -4.96091
423    -5.00899
424    -4.98744
425    -5.07585
426    -4.97975
427    -5.05071
428    -5.04262
429    -5.08806
430    -5.12141
431    -4.97046
432    -5.00919
433    -4.92654
434    -4.94919
435    -4.97979
436    -4.99988
437    -5.11758
438    -5.10325
439    -5.10748
440    -5.03763
441    -5.05356
442    -5.11752
443    -5.20878
444    -5.26978
445    -5.20113
446    -5.17312
447    -5.07887
448    -5.13184
449    -5.01413
450    -5.02653
451    -5.10148
452    -5.10418
453    -5.14193
454    -5.17022
455    -5.10877
456    -5.15988
457    -5.08455
458    -5.08121
459    -5.11136
460    -5.11115
461    -5.01999
462    -4.98693
463     -5.0145
464    -5.08334
465    -5.04246
466    -5.06186
467    -5.12224
468    -5.10394
469    -5.03258
470    -4.99824
471     -4.9337
472    -4.83485
473    -5.02076
474    -5.09192
475    -5.01168
476    -5.01967
477    -5.00052
478    -4.90894
479    -4.93449
480    -4.85622
481    -4.85972
482    -4.90685
483    -4.87439
484    -4.96095
485    -5.03247
486    -5.00985
487    -5.07284
488    -5.07605
489    -5.06306
490     -5.0514
491    -5.10576
492    -5.06783
493     -5.0118
494    -5.03804
495    -5.04088
496    -5.04866
497    -4.96957
498    -5.04724
499    -5.05118
500    -5.02432
501    -5.05388
502    -5.02999
503    -5.06702
504    -4.97972
505    -5.05728
506    -5.00383
507    -5.04207
508    -4.91341
509    -4.91621
510    -5.09316
511    -5.01581
512     -5.0374
513    -5.15654
514    -5.12213
515    -5.13823
516     -5.1569
517    -5.07808
518    -5.11824
519    -5.06694
520    -4.98626
521    -5.03068
522    -4.91872
523    -4.90777
524    -4.93573
525    -4.87453
526    -4.84434
527     -4.7741
528    -4.82086
529    -4.89773
530    -4.89063
531    -4.98437
532     -4.9596
533    -4.97489
534    -5.08553
535    -4.88378
536    -4.90899
537    -5.00749
538    -4.91156
539    -4.85968
540    -4.89367
541    -4.91853
542     -4.8691
543    -4.85535
544    -4.84827
545    -4.99634
546    -5.04036
547    -5.05912
548    -5.00963
549     -4.9617
550    -4.94205
551    -5.00255
552    -4.83425
553     -4.8954
554    -4.97464
555    -5.05756
556    -5.00649
557    -4.99199
558    -4.95915
559    -4.96699
560    -4.89585
561    -4.90116
562    -4.91578
563    -4.94719
564    -4.95745
565    -4.89448
566    -4.90509
567    -4.92958
568    -4.92435
569    -4.97685
570    -4.97957
571    -4.91398
572    -4.97033
573    -4.94767
574    -4.91218
575    -4.83178
576    -4.88609
577    -4.85876
578    -4.90343
579    -4.90804
580     -4.9681
581    -5.03302
582     -5.0329
583    -5.06102
584    -5.03392
585    -5.05694
586    -5.09291
587    -5.11477
588    -5.10632
589    -4.99716
590    -4.94481
591    -4.93757
592    -4.91606
593    -4.94637
594    -4.87539
595    -4.91334
596    -4.91838
597      -4.987
598    -5.10176
599     -5.1542
600    -5.08358
601      -5.001
602    -5.02564
603    -5.07452
604    -4.98672
605    -5.00547
606    -4.92521
607    -4.90813
608    -4.92553
609    -4.98362
610    -5.03952
611    -5.06138
612    -5.09412
613    -5.00049
614     -5.0979
615    -5.02648
616    -5.05141
617    -4.99414
618    -4.90527
619    -4.93675
620    -4.97214
621    -4.94445
622    -5.01224
623    -4.99429
624    -4.98809
625    -4.92986
626    -4.97595
627    -4.99199
628     -5.0309
629    -5.03676
630    -4.91671
631    -4.88245
632    -4.86203
633    -4.85308
634    -4.89751
635    -4.81103
636    -4.85632
637    -4.87796
638    -4.92752
639    -4.89648
640    -4.85007
641    -4.86387
642    -4.93038
643    -4.84017
644    -4.79593
645    -4.91356
646    -5.06938
647    -5.12146
648    -5.07511
649    -4.93115
650    -4.86731
651    -4.85033
652    -4.83958
653    -4.86753
654    -4.74657
655    -4.82662
656    -4.88388
657    -4.83416
658    -4.84458
659    -4.90203
660     -4.8878
661    -5.03433
662    -4.91709
663    -4.98035
664    -4.93755
665    -4.92269
666    -4.79483
667    -4.70711
668    -4.73251
669    -4.84975
670    -4.88218
671    -4.95907
672    -4.93713
673    -5.02373
674    -5.02879
675     -5.0586
676    -5.00408
677    -5.04051
678    -5.05638
679    -5.07123
680    -5.11093
681    -4.94636
682    -5.04444
683    -5.07466
684    -5.11168
685    -5.08073
686    -4.97912
687    -4.99223
688    -5.07093
689    -5.04061
690    -5.01228
691    -5.11379
692    -5.16457
693    -5.08464
694    -5.04254
695    -5.02918
696    -4.96462
697    -4.91636
698    -4.90516
699    -4.91932
700    -5.01588
701    -4.99813
702    -4.95709
703    -4.96476
704    -4.98755
705    -5.02272
706    -5.01834
707    -4.95315
708    -4.96996
709    -4.96856
710    -4.80556
711    -4.77706
712    -4.80549
713    -4.84935
714    -4.78199
715    -4.78141
716    -4.85761
717    -4.90987
718    -4.94267
719    -4.87516
720     -4.8643
721     -4.8642
722    -4.90501
723    -4.95799
724     -4.9393
725    -4.84024
726    -4.85995
727    -4.87491
728    -4.79906
729    -4.76659
730    -4.73791
731     -4.6783
732    -4.67167
733    -4.80357
734    -4.79466
735    -4.81523
736    -4.81721
737    -4.77711
738    -4.71241
739    -4.70745
740     -4.7559
741    -4.80055
742    -4.92952
743    -4.93886
744    -4.94122
745    -5.12304
746    -5.08329
747    -5.04423
748    -5.10522
749    -5.11468
750    -5.14606
751    -5.13716
752    -5.03033
753    -4.99747
754    -5.00817
755    -5.08107
756    -5.08753
757    -5.12486
758    -5.09642
759    -5.11274
760    -5.05735
761     -5.0648
762    -5.00856
763    -5.02764
764    -4.92256
765    -5.03394
766    -5.01325
767    -5.00319
768    -4.99977
769    -4.89795
770    -4.96815
771    -4.99771
772    -4.97721
773    -5.02925
774     -4.9476
775    -4.94903
776    -5.02262
777    -5.07229
778    -5.14389
779    -5.11356
780     -5.1345
781    -5.11006
782    -4.99521
783    -5.05072
784    -5.07918
785    -5.10175
786    -5.04483
787    -4.99526
788     -5.0093
789    -5.01529
790    -4.99831
791    -5.02578
792    -5.04091
793    -5.00292
794    -5.09842
795     -5.0971
796    -5.09542
797     -5.0385
798    -5.04292
799    -5.08779
800    -5.06681
801    -5.05607
802    -5.01108
803    -4.90462
804    -5.03667
805    -5.09352
806    -5.06171
807    -5.14934
808    -5.08358
809    -5.11411
810    -5.12192
811    -5.13616
812    -5.27442
813    -5.30341
814    -5.26944
815    -5.21146
816    -5.25089
817    -5.31658
818      -5.277
819    -5.19834
820    -5.19648
821    -5.13057
822    -5.14814
823    -5.01919
824    -4.96065
825    -5.04664
826    -5.05568
827    -5.07753
828    -5.04149
829    -5.07177
830     -5.1003
831    -5.12898
832    -5.09812
833    -5.14534
834    -5.07009
835    -5.14516
836    -5.09843
837    -5.03348
838    -5.05174
839    -5.10684
840     -5.1488
841    -5.12049
842    -5.11107
843     -5.0735
844    -5.05903
845     -5.1087
846    -5.13276
847    -5.13408
848    -5.14705
849    -5.15351
850    -5.05709
851    -4.99547
852    -4.97719
853      -5.027
854    -5.00676
855     -4.9299
856    -4.93981
857    -4.92892
858    -4.99101
859    -4.98791
860    -5.02193
861    -5.00603
862    -4.98893
863    -5.01086
864    -5.01727
865    -4.93833
866    -5.03385
867    -5.09561
868    -5.09876
869    -5.18546
870    -5.16649
871    -5.09141
872    -5.07521
873    -5.11306
874    -5.08186
875      -5.059
876    -4.99884
877    -4.88789
878    -4.97594
879    -5.05495
880    -5.12292
881    -5.07432
882    -5.01134
883    -4.98806
884    -4.93046
885    -4.88833
886    -4.93021
887    -5.03093
888     -4.9788
889    -4.92009
890    -5.01509
891    -4.96126
892    -4.75198
893    -4.91832
894    -4.84502
895    -4.93158
896    -4.94835
897    -4.93361
898    -4.98519
899    -5.04704
900    -5.06815
901    -5.07065
902    -5.12573
903    -4.99557
904    -5.07237
905     -5.0941
906    -5.05392
907    -4.97156
908    -4.99792
909     -5.0101
910    -5.02897
911    -5.07248
912    -5.02037
913     -4.9797
914    -5.01923
915    -5.09828
916    -5.07547
917    -5.01462
918    -4.98362
919    -4.97772
920    -5.04867
921    -5.11544
922    -5.04559
923    -5.07085
924    -5.02377
925    -4.99035
926    -4.95504
927    -4.87294
928    -4.95311
929    -4.92029
930     -5.0353
931    -4.94605
932    -5.06557
933    -5.06979
934    -5.01694
935    -5.00548
936    -5.00572
937    -4.94405
938    -4.89071
939    -4.92535
940    -4.92877
941    -4.99018
942    -4.98229
943    -4.94035
944    -4.96932
945    -4.92598
946    -4.92741
947    -5.01237
948     -5.0602
949    -5.08035
950    -5.10302
951     -5.1077
952    -5.14791
953    -5.11841
954    -5.07789
955    -5.08905
956    -4.99208
957    -4.98013
958    -4.92329
959    -4.93243
960    -5.03251
961    -5.02324
962    -5.05766
963    -5.00716
964    -5.05952
965      -4.987
966    -5.07572
967    -5.01149
968    -5.12426
969    -5.17532
970    -5.17686
971    -5.18301
972    -5.13099
973     -5.1163
974    -5.11894
975    -5.10084
976    -5.08361
977    -5.05868
978    -5.05969
979    -5.14777
980    -5.10397
981    -5.11656
982     -4.9932
983    -5.09405
984     -5.0198
985    -5.07531
986    -5.00965
987    -4.95418
988    -4.94577
989    -4.95716
990    -4.91344
991    -4.99468
992    -4.86752
993    -4.78038
994    -4.93319
995    -4.88721
996    -4.93037
997    -4.99255
998    -4.99444
999    -4.93387
1000    -4.96611
1001    -5.02698
1002    -5.05841
1003    -4.97857
1004    -5.09679
1005    -5.04488
1006    -5.13922
1007    -5.15914
1008    -5.18564
1009    -5.10763
1010    -5.17795
1011    -5.25092
1012    -5.23925
1013    -5.17741
1014    -5.18969
1015    -5.11146
1016    -5.07202
1017    -5.06585
1018    -5.07031
1019    -5.14248
1020    -5.07579
1021    -5.13027
1022    -4.98095
1023    -5.04226
1024    -4.96154
1025    -4.96207
1026    -5.00592
1027    -4.97626
1028    -5.02966
1029    -4.99942
1030    -5.04366
1031    -4.99862
1032    -4.95855
1033    -4.95679
1034    -5.02509
1035     -4.9367
1036    -4.90604
1037    -4.97629
1038    -4.97209
1039    -4.94524
1040    -5.01189
1041    -4.99083
1042    -5.06187
1043    -4.94855
1044    -4.91566
1045    -5.00178
1046    -4.98883
1047    -4.94739
1048    -4.96912
1049    -5.11295
1050    -5.19754
1051    -5.14945
1052     -5.1326
1053    -5.05894
1054    -5.02007
1055    -5.06437
1056    -5.08122
1057    -5.19041
1058    -5.18959
1059      -5.181
1060    -5.17616
1061    -5.09967
1062    -5.09361
1063    -5.07333
1064     -5.1321
1065    -5.06169
1066    -5.19624
1067    -5.16519
1068    -5.15164
1069      -5.071
1070    -5.00664
1071    -5.11493
1072    -5.14349
1073     -5.1591
1074    -5.12053
1075    -4.97507
1076    -5.08536
1077    -5.09766
1078    -5.07825
1079    -5.02972
1080    -5.03088
1081    -4.99766
1082    -5.07526
1083    -5.04263
1084       -5.04
1085    -5.06333
1086    -5.00542
1087    -5.02421
1088    -5.02279
1089     -5.0959
1090    -5.07108
1091    -5.06109
1092    -5.17475
1093    -5.10634
1094    -5.10282
1095      -5.069
1096    -4.98885
1097    -4.93163
1098    -4.98386
1099    -5.06486
1100    -5.10113
1101     -5.0934
1102    -5.01991
1103    -4.90658
1104    -4.99988
1105    -5.06487
1106    -5.16682
1107    -5.18233
1108    -5.11195
1109    -4.94803
1110    -4.98127
1111    -5.06428
1112    -5.01632
1113    -5.09484
1114    -5.10619
1115    -5.13051
1116    -5.14559
1117    -5.07577
1118    -5.02868
1119    -4.94543
1120    -4.95177
1121    -4.90762
1122    -4.93717
1123    -4.94026
1124     -4.9519
1125    -4.99108
1126    -5.04922
1127    -5.09447
1128    -5.14541
1129     -5.1413
1130    -5.13426
1131     -5.2103
1132    -5.16352
1133    -5.20793
1134     -5.1405
1135    -5.09165
1136    -5.10021
1137    -5.03194
1138    -5.03958
1139     -4.9176
1140    -4.81946
1141     -4.8923
1142    -5.00368
1143    -5.01887
1144    -4.90698
1145    -4.99237
1146    -4.96286
1147    -4.98988
1148    -5.05961
1149    -5.16336
1150    -5.21946
1151    -5.16525
1152    -5.07571
1153    -5.12559
1154    -5.07636
1155    -5.07475
1156    -5.12077
1157    -5.12878
1158    -5.14963
1159    -5.21061
1160    -5.23954
1161     -5.2085
1162    -5.22574
1163    -5.21953
1164    -5.18666
1165    -5.11347
1166    -5.14521
1167    -5.20182
1168    -5.10318
1169    -5.12778
1170    -5.14287
1171    -5.18875
1172    -5.10662
1173     -5.1408
1174    -5.13131
1175     -5.1699
1176    -5.05923
1177    -5.09381
1178    -5.13009
1179    -5.15544
1180    -5.07655
1181    -5.10239
1182    -5.04895
1183    -4.99309
1184    -4.99596
1185    -4.96587
1186    -4.95998
1187    -5.01562
1188    -4.97169
1189    -4.95958
1190    -4.97069
1191    -4.92706
1192    -4.85943
1193    -4.91311
1194    -4.83588
1195    -4.84158
1196    -4.87329
1197    -4.88532
1198    -4.86538
1199    -4.93853
1200    -4.98752
1201    -5.06858
1202    -5.09849
1203     -5.1145
1204    -5.04316
1205    -5.01902
1206    -4.94767
1207    -4.94915
1208     -4.8977
1209    -4.94435
1210    -5.00339
1211    -4.95136
1212    -4.76503
1213    -4.90604
1214    -5.01783
1215    -4.99083
1216    -4.94253
1217    -4.93477
1218    -4.91514
1219    -4.82448
1220    -4.83955
1221    -4.95104
1222    -4.80873
1223    -4.88502
1224     -4.8815
1225    -4.90267
1226    -4.82196
1227    -4.91737
1228    -4.90094
1229    -4.93572
1230    -4.90048
1231    -5.05107
1232    -4.98368
1233    -5.04841
1234    -5.10073
1235    -5.09445
1236    -5.01218
1237    -4.94275
1238    -4.98616
1239    -4.84986
1240    -4.79309
1241     -4.7979
1242    -4.68671
1243    -4.66343
1244    -4.84851
1245    -4.92588
1246    -4.97796
1247    -4.92611
1248    -4.93047
1249    -4.92536
1250     -4.8657
1251    -4.86602
1252    -4.91541
1253    -4.96371
1254    -4.85397
1255    -4.84575
1256    -4.88373
1257    -4.88522
1258    -4.76135
1259    -4.79566
1260    -4.85978
1261    -4.88037
1262    -4.85759
1263    -4.92396
1264    -4.93768
1265    -4.91348
1266    -5.03798
1267    -5.05814
1268    -5.06077
1269    -5.05187
1270     -5.0709
1271    -5.07611
1272    -5.12117
1273    -5.01228
1274    -5.08263
1275    -5.04519
1276    -5.05758
1277    -4.99562
1278    -4.96484
1279    -4.89947
1280    -4.92911
1281    -4.89909
1282    -4.92019
1283    -4.92572
1284    -5.07158
1285    -5.01308
1286    -4.97959
1287    -5.03085
1288    -4.95956
1289    -5.02473
1290    -5.00293
1291    -4.97681
1292     -5.0623
1293    -5.07414
1294    -4.97371
1295    -5.03857
1296    -5.01487
1297    -4.94897
1298    -4.91786
1299    -4.93565
1300    -5.06686
1301    -4.97279
1302    -4.98332
1303    -5.01423
1304    -4.95642
1305    -4.97704
1306    -4.92809
1307    -4.93156
1308    -4.89306
1309    -4.83163
1310    -4.88173
1311    -4.96303
1312    -4.98473
1313     -4.9693
1314    -5.06162
1315    -5.04787
1316    -5.15785
1317    -5.10023
1318    -5.08539
1319    -5.05561
1320    -4.99454
1321    -5.07278
1322    -4.93418
1323    -5.08268
1324    -5.17974
1325    -5.16746
1326    -5.08002
1327     -5.0433
1328    -4.96112
1329    -4.98485
1330    -4.94164
1331    -4.98829
1332    -5.05208
1333    -4.95353
1334    -4.99878
1335    -4.97209
1336     -4.9573
1337    -4.97457
1338     -5.0368
1339    -5.09206
1340    -5.08428
1341     -5.1188
1342    -5.11893
1343    -4.91663
1344    -4.93493
1345    -5.01073
1346    -4.94117
1347    -5.01919
1348    -4.96699
1349    -5.03765
1350    -5.06037
1351    -5.15639
1352    -5.10966
1353    -5.12305
1354     -5.1394
1355    -5.13919
1356    -5.10881
1357    -5.02997
1358    -5.05888
1359    -5.04772
1360    -4.98465
1361      -5.031
1362    -4.84952
1363    -4.74716
1364    -4.69699
1365    -4.77866
1366    -4.93553
1367    -5.03404
1368    -4.93165
1369    -4.91106
1370    -4.95778
1371    -4.94969
1372    -5.01719
1373    -5.02266
1374    -4.87071
1375    -4.91293
1376    -4.90424
1377    -4.93124
1378    -5.03987
1379     -5.2287
1380    -5.16643
1381    -5.14196
1382    -5.14635
1383    -5.15346
1384    -5.17642
1385     -5.2333
1386    -5.19494
1387    -5.17384
1388    -5.17929
1389    -5.18057
1390     -5.1929
1391    -5.17658
1392    -5.07991
1393    -5.04466
1394    -5.05067
1395    -5.05692
1396    -5.04771
1397    -5.09945
1398    -5.14852
1399    -5.19027
1400    -5.16678
1401    -5.20249
1402    -5.13653
1403    -5.06176
1404    -5.04385
1405    -4.99204
1406    -4.98444
1407    -4.91078
1408    -5.04351
1409    -5.03994
1410    -5.05784
1411    -5.06054
1412    -5.02565
1413    -5.05629
1414    -5.05833
1415      -5.106
1416    -5.09465
1417    -5.14982
1418    -5.15604
1419    -5.06502
1420    -5.06343
1421    -5.08602
1422    -5.06969
1423    -5.15564
1424    -5.12556
1425    -5.11358
1426     -5.1445
1427    -5.16069
1428    -5.09576
1429    -5.11914
1430    -5.09835
1431    -5.04685
1432    -5.11621
1433    -5.17299
1434    -5.10157
1435    -4.99955
1436    -4.93056
1437    -4.96638
1438    -5.13614
1439    -5.01538
1440    -4.99309
1441    -5.08857
1442    -5.11673
1443    -5.08612
1444    -4.91007
1445    -4.94599
1446    -4.92895
1447    -4.87695
1448    -4.90924
1449    -5.00395
1450    -4.86225
1451    -4.90918
1452    -4.87711
1453    -4.87809
1454    -4.85598
1455    -4.71985
1456    -4.74794
1457    -4.92116
1458    -4.98247
1459     -4.9755
1460    -4.94563
1461    -4.94546
1462     -4.9876
1463    -4.96284
1464    -4.94571
1465    -4.95114
1466    -4.99231
1467     -4.9453
1468    -4.91623
1469    -4.83327
1470    -4.83101
1471    -4.71912
1472    -4.70048
1473       -4.81
1474    -4.74601
1475    -4.77563
1476    -4.71682
1477    -4.83279
1478    -4.85959
1479    -4.76817
1480    -4.81637
1481    -4.89326
1482     -4.9088
1483    -4.97741
1484    -4.96139
1485    -4.97244
1486    -4.96907
1487    -5.00106
1488    -4.97351
1489    -4.93289
1490    -4.91728
1491    -4.96858
1492    -4.97388
1493    -5.01969
1494    -4.97823
1495    -4.97138
1496    -5.08405
1497    -5.07144
1498    -4.96626
1499    -5.01821
1500    -4.98925
1501     -4.9128
1502    -4.82705
1503    -4.82875
1504    -4.81701
1505    -4.78703
1506    -4.84268
1507     -4.8811
1508    -4.92244
1509    -5.03706
1510    -5.03438
1511     -5.0516
1512    -4.97074
1513    -4.94646
1514    -4.98722
1515    -4.90399
1516    -5.02612
1517    -5.07623
1518    -5.03149
1519    -5.03486
1520    -4.97532
1521    -4.95838
1522    -5.02274
1523    -5.05513
1524    -5.06691
1525      -4.962
1526    -5.03771
1527    -4.97286
1528     -4.8665
1529    -5.01218
1530    -5.02129
1531    -5.01279
1532    -4.97549
1533    -4.94569
1534     -4.8358
1535    -4.91781
1536    -4.82671
1537     -4.9127
1538    -4.88465
1539    -4.79937
1540    -4.81256
1541    -4.84429
1542      -4.915
1543    -4.92272
1544    -4.81565
1545    -4.82136
1546    -4.80572
1547    -4.80792
1548    -4.81476
1549    -4.94305
1550    -4.86667
1551    -4.79809
1552    -4.81386
1553    -4.88125
1554    -4.86628
1555     -4.8968
1556    -4.93594
1557    -4.91281
1558    -5.02211
1559    -4.94658
1560    -4.92252
1561    -4.90235
1562    -4.96314
1563    -4.90821
1564    -4.90524
1565    -4.80666
1566    -4.90635
1567    -4.99977
1568    -5.03328
1569    -5.04987
1570    -4.89129
1571    -4.90863
1572    -4.91171
1573    -4.90861
1574     -5.0011
1575    -5.07085
1576    -5.04031
1577    -5.08352
1578     -5.0868
1579    -5.03198
1580    -5.04052
1581    -4.98413
1582    -5.03567
1583    -5.04884
1584     -4.9566
1585    -5.08127
1586    -5.16053
1587    -5.12307
1588    -5.14921
1589    -5.15138
1590    -5.12352
1591    -5.20957
1592     -5.2377
1593    -5.28657
1594    -5.35918
1595    -5.23324
1596    -5.16803
1597    -5.11709
1598     -5.1615
1599    -5.12461
1600    -5.21411
1601    -5.23915
1602    -5.24313
1603    -5.31899
1604    -5.22147
1605    -5.20126
1606    -5.16657
1607    -5.28252
1608    -5.24182
1609    -5.17538
1610    -5.15125
1611    -5.11532
1612    -5.17727
1613     -5.0943
1614    -4.96475
1615    -4.91858
1616    -5.06366
1617    -5.02189
1618    -4.93002
1619    -5.00231
1620    -4.95977
1621    -4.99151
1622    -5.04315
1623    -5.11905
1624     -5.0735
1625    -5.03264
1626    -4.97519
1627    -5.00678
1628    -5.09142
1629    -5.09662
1630     -5.0398
1631    -4.98795
1632    -5.10737
1633    -5.07915
1634    -4.95168
1635    -5.03162
1636    -5.04551
1637    -5.04217
1638    -4.91171
1639     -4.7294
1640    -4.77203
1641    -4.87365
1642     -4.8187
1643    -4.87622
1644    -4.79165
1645    -4.85706
1646    -4.89428
1647    -4.89555
1648    -4.86647
1649    -4.85285
1650    -5.00174
1651    -4.92542
1652    -4.88024
1653    -4.80489
1654    -4.82641
1655    -4.86296
1656    -4.86864
1657    -4.90905
1658    -4.97141
1659    -4.98551
1660    -5.00362
1661    -5.10449
1662    -5.07102
1663    -5.02299
1664    -5.04237
1665    -5.08189
1666     -5.0766
1667    -5.04798
1668    -5.09286
1669    -5.07629
1670    -5.07143
1671    -5.02799
1672    -4.96589
1673    -5.03225
1674    -5.11273
1675    -5.14297
1676    -5.10494
1677    -5.11524
1678    -5.15542
1679    -5.10551
1680    -5.20806
1681    -5.12785
1682    -5.02714
1683    -5.03009
1684    -5.10074
1685    -5.06958
1686    -5.08379
1687    -5.11184
1688    -5.10541
1689    -5.06864
1690    -5.06186
1691    -5.10676
1692    -5.07296
1693    -5.04904
1694    -5.02104
1695    -4.97439
1696    -4.98142
1697     -4.9067
1698    -4.94086
1699    -4.93038
1700    -4.95134
1701    -4.99344
1702    -5.03702
1703    -5.11791
1704    -5.12195
1705    -5.08061
1706    -5.08421
1707    -5.12645
1708     -5.1235
1709    -4.98418
1710    -5.02496
1711    -5.03069
1712    -4.94041
1713    -4.93362
1714    -4.89956
1715    -4.87708
1716    -4.74039
1717    -4.89163
1718    -4.93882
1719    -4.87982
1720    -4.91701
1721    -5.09604
1722    -5.13367
1723    -5.03407
1724    -5.11052
1725    -4.97482
1726    -5.01891
1727    -5.02316
1728    -5.00373
1729    -4.96022
1730    -5.02364
1731    -5.04625
1732    -4.99406
1733    -4.98776
1734    -4.97346
1735     -4.9753
1736    -5.00075
1737    -4.99272
1738    -5.06072
1739    -5.03527
1740    -4.93277
1741    -4.85706
1742    -4.94786
1743     -4.8655
1744    -4.85506
1745    -4.89722
1746    -4.81627
1747    -4.92721
1748    -4.90041
1749    -4.89975
1750    -4.79073
1751     -4.9345
1752    -5.03121
1753    -5.01803
1754     -5.0948
1755    -5.01827
1756      -5.042
1757    -5.02016
1758    -5.00596
1759    -5.06736
1760    -4.97948
1761    -4.98388
1762    -5.05445
1763    -4.94503
1764    -5.03091
1765    -5.09071
1766    -5.11458
1767    -5.07107
1768    -5.08369
1769    -5.12796
1770    -5.18584
1771    -5.22161
1772    -5.17389
1773    -5.16391
1774    -5.13007
1775    -5.15173
1776     -5.1344
1777    -5.16294
1778    -5.17741
1779    -5.18206
1780    -5.09254
1781    -5.01596
1782    -5.09386
1783    -5.11778
1784    -5.09315
1785     -4.9957
1786    -4.92439
1787    -4.95363
1788    -4.94207
1789     -4.9594
1790    -5.00118
1791    -4.94696
1792      -4.904
1793    -4.89531
1794    -4.87442
1795    -4.84197
1796    -4.80839
1797    -4.84019
1798    -4.81135
1799    -4.84042
1800    -4.97269
1801    -4.88166
1802    -4.84588
1803    -4.89398
1804     -4.8751
1805    -4.84125
1806    -4.81998
1807    -4.89413
1808    -4.96258
1809    -4.78757
1810    -4.82482
1811    -4.94473
1812    -4.95521
1813    -4.86273
1814    -4.92471
1815    -4.86478
1816    -4.94943
1817    -4.91904
1818    -5.04596
1819    -5.01319
1820    -5.00314
1821    -4.95044
1822    -5.04012
1823     -4.9331
1824    -4.93365
1825    -4.93413
1826    -5.04388
1827    -5.07198
1828    -5.13475
1829    -5.22588
1830    -5.19191
1831    -5.13585
1832    -5.14801
1833    -5.11009
1834    -5.10437
1835    -5.13576
1836     -5.1406
1837    -5.14009
1838    -5.04608
1839    -4.99663
1840     -5.0934
1841    -5.06166
1842    -5.08813
1843    -5.09603
1844    -5.13747
1845    -5.12848
1846    -5.12177
1847    -5.16299
1848    -5.14516
1849    -4.96658
1850    -5.03807
1851    -4.94246
1852    -4.99703
1853    -5.04199
1854    -5.03044
1855     -5.0549
1856    -4.94007
1857    -4.90902
1858    -4.99547
1859    -5.05969
1860     -5.0558
1861    -5.02247
1862    -4.90948
1863    -4.94729
1864    -5.07501
1865    -5.07395
1866    -5.10504
1867    -5.15637
1868    -5.15589
1869    -5.02752
1870    -5.05739
1871    -5.04377
1872    -5.01993
1873    -4.96758
1874    -5.01394
1875    -4.88286
1876    -5.01079
1877    -5.04578
1878    -4.98185
1879    -4.94028
1880    -4.94753
1881     -5.0271
1882    -4.96552
1883     -4.9503
1884    -4.92522
1885    -4.98605
1886    -5.19826
1887    -5.18083
1888    -5.13006
1889    -5.12835
1890    -5.04614
1891    -5.02745
1892    -5.02375
1893    -5.08724
1894    -5.02817
1895    -4.99255
1896    -5.02818
1897    -4.99585
1898    -5.14461
1899    -5.15597
1900    -5.05313
1901    -5.05211
1902    -4.99047
1903    -5.01689
1904    -4.93944
1905    -4.94343
1906    -4.89402
1907    -5.01257
1908    -5.05315
1909    -5.12548
1910    -5.03463
1911    -5.10799
1912    -5.12894
1913    -5.04311
1914    -5.07894
1915     -5.0781
1916    -5.01472
1917    -5.09001
1918    -5.03996
1919    -5.05874
1920    -5.04588
1921    -5.15869
1922    -5.17102
1923    -5.10718
1924    -5.12235
1925    -5.06477
1926    -5.13538
1927    -5.10955
1928    -5.11285
1929     -5.0212
1930     -5.0536
1931    -5.00303
1932    -5.03331
1933    -5.15732
1934    -5.07159
1935    -5.12055
1936    -5.08447
1937    -5.06311
1938    -5.04745
1939    -5.10647
1940    -5.10572
1941     -5.0318
1942    -5.00436
1943    -5.00818
1944    -5.00431
1945    -5.09948
1946    -5.00876
1947      -5.011
1948    -5.10007
1949    -5.08412
1950    -5.12424
1951    -5.10998
1952    -5.04442
1953     -5.0583
1954     -5.0065
1955    -4.98607
1956    -5.04738
1957    -4.96651
1958    -4.99682
1959      -5.093
1960    -5.10665
1961    -5.16188
1962    -5.05627
1963    -4.98275
1964    -5.03818
1965    -5.01778
1966    -4.97236
1967    -5.02717
1968    -5.03936
1969    -4.96425
1970    -5.09895
1971    -5.13005
1972     -5.0889
1973    -5.15129
1974    -5.13654
1975    -5.08526
1976    -5.13212
1977    -5.05161
1978    -4.96213
1979    -5.08939
1980    -5.21058
1981    -5.11824
1982    -5.07503
1983    -5.09582
1984    -5.05905
1985    -5.09171
1986    -5.09138
1987    -5.04175
1988    -5.01632
1989    -4.95903
1990    -5.07136
1991    -5.02466
1992    -5.08806
1993    -5.07369
1994    -5.08324
1995    -5.14552
1996    -5.08764
1997     -5.0733
1998    -4.98825
1999    -4.94953
2000    -4.93227
2001    -5.00355
2002    -4.93768
2003     -4.9589
2004    -5.01213
2005    -5.06369
2006    -5.08504
2007    -5.16374
2008     -5.2191
2009    -5.17379
2010    -5.18841
2011    -5.19389
2012    -5.02268
2013    -5.03264
2014     -5.1242
2015    -5.16002
2016    -5.12594
2017    -5.15819
2018    -5.19949
2019    -5.24878
2020     -5.1646
2021    -5.10884
2022    -4.97295
2023    -4.99864
2024    -4.99451
2025    -4.96178
2026    -4.96745
2027    -5.01403
2028    -4.99775
2029    -5.07457
2030    -5.01192
2031    -4.97099
2032    -4.87155
2033    -4.82171
2034    -4.90402
2035    -4.93975
2036     -5.0022
2037    -4.91425
2038    -4.98771
2039    -5.02006
2040    -5.14889
2041    -5.08252
2042    -5.02631
2043     -5.0018
2044    -4.96635
2045    -5.00576
2046    -4.97952
2047    -4.94058
2048    -4.93115
2049    -4.89645
2050    -5.04238
2051    -4.97618
2052     -4.9955
2053    -5.05062
2054    -5.04846
2055    -4.98627
2056    -5.03596
2057    -5.02674
2058    -4.95477
2059    -4.94982
2060     -4.8676
2061    -4.90738
2062    -4.86426
2063    -4.93051
2064    -4.94152
2065    -4.92209
2066    -5.02107
2067    -5.02047
2068    -5.05162
2069    -5.02913
2070    -5.08097
2071    -5.21332
2072    -5.14077
2073    -5.09999
2074    -5.08598
2075    -5.08294
2076    -5.01211
2077    -5.09994
2078    -5.10096
2079     -4.9934
2080    -5.07772
2081     -5.0912
2082    -5.13384
2083    -5.12366
2084    -5.16271
2085    -5.05158
2086    -5.02361
2087    -5.01792
2088     -5.0441
2089    -5.07141
2090    -5.00261
2091    -4.89147
2092    -5.04162
2093    -5.13534
2094    -5.20138
2095    -5.11893
2096    -5.14143
2097    -5.21077
2098    -5.26903
2099    -5.23177
2100    -5.17683
2101    -5.12072
2102    -5.08441
2103    -5.11513
2104    -5.09879
2105    -5.11893
2106    -5.06675
2107    -5.05119
2108     -5.0684
2109    -5.08508
2110    -5.18514
2111    -5.18673
2112    -5.09657
2113     -5.1366
2114    -5.11914
2115    -5.13351
2116    -5.07925
2117    -5.10132
2118    -5.10606
2119    -5.04972
2120    -5.05008
2121    -5.01404
2122    -4.93669
2123    -4.92369
2124     -4.9013
2125    -4.92191
2126    -4.91549
2127    -4.93377
2128    -4.97534
2129    -5.03037
2130     -4.9636
2131    -4.95403
2132    -4.97483
2133    -4.99415
2134    -5.09972
2135      -5.038
2136    -5.04554
2137    -5.08139
2138    -5.13981
2139    -5.21958
2140    -5.25143
2141    -5.14322
2142    -5.16831
2143    -5.06283
2144    -5.04391
2145    -5.06482
2146    -5.09819
2147    -5.11482
2148     -5.0667
2149    -4.97316
2150          -5
2151    -5.07132
2152    -5.01914
2153    -5.03842
2154    -5.05069
2155    -4.98289
2156    -4.99868
2157    -5.04593
2158    -5.11165
2159    -5.09234
2160    -5.10845
2161     -5.0852
2162    -5.13287
2163    -5.14147
2164    -5.05126
2165    -4.94054
2166    -4.92117
2167    -4.97509
2168    -5.01644
2169    -5.00748
2170    -5.02714
2171    -4.98046
2172    -4.88022
2173    -4.90197
2174    -4.86223
2175    -4.86596
2176    -4.94479
2177    -4.99601
2178    -4.96798
2179    -5.00874
2180    -4.99415
2181    -4.99289
2182    -4.94316
2183    -5.01224
2184    -5.01901
2185    -4.93093
2186    -5.05536
2187    -5.10682
2188    -4.94283
2189    -5.01214
2190    -4.95915
2191    -5.07257
2192     -5.0676
2193     -5.0697
2194    -5.09512
2195     -5.1094
2196    -5.00605
2197    -4.98387
2198    -5.02394
2199    -5.07177
2200    -5.13467
2201    -5.12617
2202    -4.97914
2203    -4.98151
2204    -5.00657
2205     -5.0143
2206    -5.05132
2207    -5.07182
2208    -5.09741
2209    -5.05297
2210    -5.07217
2211    -5.06689
2212    -5.09227
2213     -4.9927
2214    -5.02901
2215    -5.03989
2216    -5.11363
2217    -5.08318
2218    -5.01721
2219     -4.9093
2220    -4.84622
2221    -4.97911
2222    -4.99971
2223    -5.06225
2224    -5.05269
2225    -4.94448
2226    -4.96145
2227    -4.98778
2228    -4.83494
2229    -4.88255
2230    -4.95359
2231    -4.97355
2232    -5.00662
2233    -5.00758
2234    -5.00606
2235    -5.10935
2236    -5.07814
2237    -5.00016
2238     -4.9607
2239    -5.07462
2240    -5.11403
2241    -5.08589
2242    -5.07115
2243    -5.09184
2244    -5.06693
2245    -5.09103
2246     -5.0754
2247    -5.07136
2248    -4.94513
2249    -4.95265
2250    -4.88624
2251     -4.9219
2252     -5.0627
2253    -5.01498
2254     -5.0096
2255    -4.93424
2256    -4.99147
2257    -5.02417
2258    -5.05988
2259    -5.10716
2260    -5.16205
2261    -5.11555
2262    -5.10869
2263    -5.13286
2264     -5.0657
2265    -5.07555
2266    -5.06484
2267    -5.07776
2268    -5.05856
2269    -5.05562
2270    -4.99856
2271    -5.05727
2272    -5.06788
2273    -5.00815
2274    -5.13543
2275    -5.02369
2276    -5.06407
2277    -5.06308
2278     -5.0721
2279    -5.08033
2280    -5.12182
2281     -4.9995
2282    -5.09248
2283    -5.09981
2284    -5.10458
2285     -5.1835
2286    -5.19662
2287    -5.17476
2288    -5.09364
2289    -5.10625
2290    -5.11377
2291    -5.15841
2292    -5.06538
2293    -5.06105
2294     -5.0687
2295    -5.13561
2296    -5.18803
2297    -5.12533
2298    -5.04678
2299    -5.09796
2300    -5.08631
2301     -5.1309
2302    -5.13759
2303    -5.15337
2304    -5.19522
2305    -5.25763
2306    -5.15343
2307    -5.10797
2308    -5.10123
2309    -5.04427
2310    -4.98989
2311    -4.91921
2312    -5.01985
2313    -4.93521
2314    -5.02265
2315    -4.97678
2316    -4.99726
2317    -5.05845
2318    -4.95338
2319    -5.01043
2320    -4.93916
2321    -4.99974
2322     -4.9218
2323    -4.95298
2324    -4.97995
2325    -4.98207
2326    -4.93594
2327    -4.92685
2328    -4.89065
2329    -4.77783
2330    -4.87865
2331    -5.00374
2332    -4.90867
2333    -5.01456
2334      -5.029
2335    -5.07086
2336     -4.9897
2337    -5.08793
2338    -5.04702
2339     -5.1017
2340    -5.11606
2341    -5.10827
2342    -5.17232
2343    -5.15025
2344    -5.07537
2345    -5.12447
2346    -5.18602
2347    -5.14574
2348    -5.13826
2349    -5.02367
2350    -5.00762
2351    -4.92289
2352    -5.10647
2353    -5.03598
2354    -5.09107
2355    -4.98945
2356    -4.91659
2357     -4.9834
2358    -5.06715
2359    -5.04863
2360    -4.98549
2361    -4.87005
2362    -4.92654
2363    -4.90821
2364    -5.10721
2365    -5.06333
2366    -5.03751
2367     -4.9945
2368    -4.97482
2369    -4.96502
2370    -4.99322
2371    -5.00244
2372    -4.92978
2373    -4.99364
2374     -5.0602
2375    -5.13119
2376    -5.07219
2377    -5.07535
2378     -5.1194
2379    -5.18846
2380    -5.08186
2381    -5.03602
2382    -5.07706
2383    -5.01758
2384    -5.04188
2385     -5.1126
2386    -5.14086
2387    -5.06464
2388    -5.12603
2389    -5.01411
2390    -5.04315
2391    -5.05018
2392    -4.96656
2393    -5.12299
2394    -5.11286
2395    -5.11061
2396    -5.10477
2397    -5.08232
2398    -4.98046
2399    -5.09826
2400    -5.04748
2401    -4.96587
2402    -5.13241
2403    -5.09368
2404    -5.09972
2405    -5.05974
2406    -5.13414
2407    -5.01352
2408    -5.05072
2409    -5.05464
2410    -5.13377
2411    -5.12943
2412    -5.11283
2413    -5.04409
2414     -5.1705
2415    -5.21633
2416    -5.21215
2417    -5.14807
2418     -5.1363
2419    -5.14754
2420    -5.12656
2421    -5.08319
2422    -5.13058
2423    -5.10908
2424    -5.10498
2425     -5.0128
2426    -5.11661
2427    -5.16399
2428    -5.18204
2429    -5.18514
2430    -5.02897
2431    -5.11901
2432    -5.10247
2433    -5.05566
2434    -5.02368
2435    -5.03217
2436    -4.99159
2437    -4.97793
2438    -5.07796
2439    -5.11603
2440    -4.99652
2441    -5.09496
2442    -5.16019
2443    -5.14698
2444    -5.12142
2445    -5.02741
2446    -5.00514
2447    -5.11758
2448    -5.05059
2449    -5.03189
2450    -4.97614
2451    -4.99546
2452    -4.98382
2453    -5.00293
2454    -4.96657
2455    -4.95431
2456     -4.9706
2457    -5.08381
2458    -5.13901
2459    -5.11262
2460    -5.12282
2461    -5.07378
2462    -5.06016
2463     -5.1007
2464    -5.15263
2465    -4.97656
2466    -4.90362
2467    -4.98681
2468    -4.99922
2469    -5.01972
2470    -4.90978
2471    -5.08627
2472    -5.11349
2473    -5.17038
2474    -5.06606
2475    -5.02342
2476     -5.0635
2477    -5.02801
2478     -5.1137
2479    -5.09562
2480    -5.06924
2481     -5.0872
2482    -5.02944
2483    -5.12006
2484     -5.0588
2485    -5.03266
2486    -5.02913
2487    -4.93534
2488    -4.92905
2489    -4.88598
2490    -4.95279
2491    -4.98971
2492    -5.12518
2493    -5.06696
2494    -5.06978
2495    -5.11069
2496    -5.20999
2497    -5.18281
2498    -5.16902
2499    -5.10466
2500    -5.04467
2501    -4.99856
2502    -5.00919
2503    -5.03565
2504    -4.98666
2505    -5.02712
2506    -4.91838
2507    -4.89971
2508    -4.99671
2509     -4.9446
2510    -5.04536
2511    -4.98361
2512    -5.02016
2513     -4.9453
2514     -4.9982
2515    -5.07462
2516     -5.0732
2517    -5.09375
2518    -5.12165
2519    -5.12298
2520    -5.02194
2521    -4.97886
2522    -5.04097
2523    -5.02956
2524    -4.99258
2525    -4.96654
2526     -4.9853
2527    -5.05859
2528    -5.02517
2529    -5.04856
2530    -5.02474
2531    -4.92616
2532    -4.95697
2533    -5.01067
2534     -5.0202
2535    -4.97253
2536    -4.97752
2537    -5.03719
2538    -4.99745
2539    -4.97383
2540    -4.91926
2541    -4.95276
2542    -5.06766
2543    -4.97025
2544    -5.00344
2545    -5.02844
2546    -4.94532
2547    -4.96672
2548    -5.03984
2549    -5.08955
2550    -5.03975
2551    -4.98856
2552    -5.02484
2553     -4.9707
2554    -4.95365
2555    -4.97571
2556    -4.93576
2557    -4.86041
2558    -4.88325
2559    -4.88851
2560    -4.86542
2561    -4.81146
2562    -4.92815
2563    -4.80706
2564    -4.74453
2565    -4.82877
2566    -4.87461
2567    -4.99068
2568    -5.08915
2569    -5.10548
2570    -5.18069
2571    -5.14783
2572    -5.13172
2573    -5.16261
2574    -5.08643
2575    -5.17213
2576    -5.22754
2577    -5.19671
2578    -5.16298
2579    -5.11512
2580    -5.14257
2581    -5.13071
2582     -5.1222
2583    -5.05281
2584    -4.94439
2585    -4.89605
2586     -4.9812
2587    -5.11975
2588    -5.11563
2589    -5.17588
2590    -5.11853
2591    -5.08116
2592      -5.175
2593    -5.21661
2594    -5.22109
2595     -5.2315
2596    -5.11194
2597    -5.10993
2598    -5.15648
2599    -5.14268
2600    -5.12855
2601    -5.10536
2602    -4.99176
2603     -5.0275
2604    -5.15788
2605    -5.16856
2606    -5.14973
2607    -5.09187
2608    -5.12857
2609    -4.97248
2610    -4.96601
2611    -4.99606
2612    -5.05522
2613    -5.04654
2614    -5.06247
2615    -5.09304
2616    -5.06718
2617    -5.08405
2618    -5.02175
2619    -5.00001
2620    -4.98378
2621    -5.03853
2622     -5.0559
2623    -5.03528
2624    -5.04279
2625     -5.0006
2626    -5.02733
2627    -4.96013
2628    -5.08132
2629    -4.98582
2630    -5.05686
2631    -4.98706
2632     -5.0384
2633    -4.97738
2634    -4.92418
2635    -4.97237
2636    -5.09242
2637    -5.09487
2638    -5.09635
2639    -5.14607
2640    -5.07625
2641    -5.03231
2642    -4.94282
2643    -5.03727
2644    -4.98356
2645    -4.98648
2646    -4.97392
2647    -4.97068
2648    -5.14131
2649    -5.09978
2650     -5.1046
2651    -5.14522
2652    -5.17205
2653    -5.19633
2654    -5.18827
2655    -5.13578
2656    -5.14817
2657    -5.17728
2658    -5.18222
2659    -5.17207
2660    -5.11423
2661    -5.14006
2662    -5.07842
2663     -5.0936
2664    -5.10779
2665    -5.13252
2666    -5.17251
2667    -5.17598
2668    -5.15195
2669    -5.16846
2670    -5.13481
2671    -5.08208
2672    -5.03287
2673    -5.03561
2674    -4.99812
2675    -5.06881
2676    -5.05676
2677    -5.10164
2678    -5.02994
2679    -5.02812
2680    -5.05756
2681    -4.94906
2682    -4.90332
2683    -4.88164
2684    -4.90069
2685    -4.82483
2686    -4.85681
2687     -5.0823
2688     -5.0455
2689     -5.0246
2690    -4.90647
2691    -4.92966
2692    -4.96866
2693    -4.94582
2694    -5.08123
2695    -5.12423
2696    -5.25368
2697    -5.24809
2698    -5.24213
2699     -5.1728
2700    -5.21135
2701    -5.14316
2702    -5.12016
2703    -5.18611
2704    -5.11023
2705    -5.13242
2706    -5.14058
2707    -5.04998
2708    -5.05957
2709    -5.07748
2710     -4.9365
2711    -5.01745
2712    -5.07004
2713    -4.87764
2714    -4.83926
2715     -4.9401
2716     -4.9681
2717    -4.94274
2718    -4.93022
2719    -5.00427
2720    -4.94611
2721    -4.94014
2722    -4.90425
2723    -4.96625
2724    -4.90873
2725    -4.85108
2726    -4.93096
2727    -4.98169
2728    -5.07238
2729    -5.06112
2730    -5.00765
2731    -5.03143
2732    -4.94943
2733    -4.91555
2734    -5.01891
2735    -5.06785
2736     -5.1345
2737    -5.06462
2738    -5.14684
2739    -5.08505
2740    -5.14633
2741    -5.10787
2742    -5.17512
2743    -5.13739
2744    -5.13197
2745     -4.9918
2746    -5.01588
2747    -5.16513
2748    -5.13714
2749    -5.17472
2750    -5.20605
2751    -5.17393
2752    -5.19759
2753    -5.26167
2754    -5.27299
2755     -5.2484
2756    -5.19345
2757    -5.15241
2758    -5.12698
2759    -4.99148
2760    -5.01471
2761    -5.03234
2762    -5.10056
2763    -5.11888
2764    -5.03877
2765    -5.02099
2766    -4.93259
2767      -5.006
2768    -4.96874
2769    -4.97272
2770    -4.99127
2771    -4.97553
2772    -5.01733
2773    -5.07962
2774    -5.15704
2775    -5.17988
2776    -5.12648
2777    -5.11834
2778     -5.1103
2779    -5.14337
2780    -5.16374
2781    -5.18787
2782    -5.11768
2783     -5.1244
2784    -5.06735
2785    -5.07839
2786     -4.9832
2787    -5.08314
2788    -5.12514
2789    -4.97842
2790    -5.02143
2791    -5.05157
2792    -5.10002
2793    -5.13282
2794     -5.1291
2795    -5.08721
2796    -5.10774
2797    -5.16661
2798    -5.23109
2799    -5.20591
2800    -5.19255
2801    -5.23832
2802    -5.09958
2803    -5.09565
2804    -5.02876
2805    -4.99208
2806    -4.98251
2807    -4.96294
2808    -5.04716
2809    -5.01376
2810    -4.98099
2811     -5.0436
2812    -4.98944
2813    -5.06381
2814    -5.04236
2815    -5.08593
2816    -5.00486
2817    -5.00076
2818    -4.99147
2819    -4.95822
2820    -5.00129
2821     -5.0243
2822      -5.032
2823    -5.03313
2824    -4.97012
2825    -5.02723
2826     -4.9883
2827     -5.0486
2828    -5.02193
2829    -5.00154
2830    -5.01953
2831    -5.09988
2832    -5.11432
2833    -5.13368
2834    -5.08001
2835     -5.0955
2836    -5.07616
2837    -5.10563
2838    -5.08586
2839    -5.12406
2840    -5.18783
2841    -5.17604
2842    -5.08915
2843    -4.96661
2844    -5.01314
2845    -5.03895
2846    -4.96761
2847    -4.97737
2848    -5.01993
2849    -5.13623
2850    -5.10821
2851    -5.09179
2852    -5.04078
2853    -4.99887
2854    -4.95517
2855     -4.9622
2856    -5.01228
2857    -5.02641
2858    -4.92281
2859    -5.06929
2860    -5.11421
2861    -5.08308
2862    -5.11913
2863    -5.08013
2864    -5.06059
2865    -5.09021
2866     -5.1508
2867    -5.04466
2868     -5.1115
2869    -5.09378
2870    -5.10433
2871    -5.10888
2872    -5.08589
2873    -5.02131
2874    -5.02877
2875    -5.10512
2876    -5.06936
2877    -5.04167
2878    -4.99176
2879    -5.05373
2880    -5.07028
2881    -5.07434
2882    -5.12762
2883    -5.08223
2884    -5.06375
2885    -5.06376
2886    -5.08669
2887    -5.11515
2888    -5.04123
2889    -5.02616
2890    -5.13803
2891    -5.07825
2892    -5.06851
2893    -5.06169
2894    -5.05246
2895    -5.03404
2896    -5.02225
2897    -4.94245
2898    -5.03475
2899    -5.02169
2900    -5.12684
2901    -5.20979
2902    -5.21845
2903    -5.18688
2904    -5.22434
2905    -5.20188
2906    -5.10748
2907    -5.14339
2908    -5.14833
2909    -5.14602
2910    -5.09348
2911    -5.13994
2912    -5.16777
2913    -5.13199
2914    -5.20561
2915    -5.08353
2916    -5.06636
2917    -5.08958
2918      -5.014
2919    -5.07166
2920    -5.07907
2921    -5.14444
2922    -5.10894
2923    -4.96698
2924     -4.8998
2925    -4.96649
2926     -4.9343
2927    -4.89771
2928    -4.86199
2929    -4.84926
2930    -4.94861
2931     -4.8604
2932    -4.93003
2933    -4.83749
2934    -4.85892
2935    -4.91343
2936    -5.00691
2937    -5.02932
2938     -5.1063
2939    -5.01084
2940    -4.98481
2941    -5.01181
2942    -5.02622
2943     -5.0637
2944    -5.09862
2945    -4.99496
2946    -5.05828
2947    -5.11478
2948    -5.00125
2949    -5.05478
2950    -5.03542
2951    -5.06375
2952    -5.09901
2953    -5.04171
2954     -4.9603
2955    -4.92652
2956    -4.97239
2957    -5.01431
2958    -5.08993
2959    -5.08484
2960    -5.08562
2961    -4.97423
2962    -5.02175
2963    -5.15093
2964    -5.06139
2965    -5.00182
2966    -5.00786
2967    -5.05059
2968    -5.00535
2969    -4.88542
2970    -4.98536
2971    -4.91088
2972    -4.90701
2973    -4.98002
2974    -4.95239
2975    -4.99739
2976    -5.06417
2977    -5.07491
2978    -5.13353
2979    -5.11315
2980     -5.1293
2981    -5.07335
2982    -5.16534
2983    -5.15145
2984    -5.12953
2985    -5.07615
2986    -5.11421
2987    -5.11134
2988    -5.09471
2989    -4.99731
2990    -5.06485
2991    -5.03729
2992    -5.10694
2993    -5.07754
2994    -5.01421
2995    -4.94125
2996    -5.02905
2997    -5.09251
2998    -5.07458
2999    -5.05826
