94.648
104.96
94.414
125.516
90.058
78.668
105.828
102.434
104.438
90.34
97.476
90.002
101.692
85.788
118.218
93.44
102.264
78.958
110.932
95.63
124.244
74.974
88.352
80.504
119.864
92.972
96.276
87.202
101.922
107.762
118.548
100.148
125.206
79.068
98.298
117.004
89.312
93.09
106.992
87.472
96.428
89.186
110.194
105.842
108.098
120.15
99.946
87.37
104.378
97.936
94.502
87.398
75.11
71.264
97.464
106.96
108.858
110.628
92.124
98.358
86.554
90.922
86.816
86.788
98.398
89.198
104.852
90.492
85.03
82.364
97.298
92.984
108.326
87.71
104.888
105.832
92.222
90.748
90.424
74.45
96.502
106.612
97.35
107.816
112.914
126.376
101.006
86.12
123.53
90.744
106.166
81.398
105.998
87.924
92.952
92.076
120.182
100.122
123.618
96.966
