0      1.5435
1     1.54335
2     1.54291
3     1.54216
4     1.54112
5     1.53979
6     1.53816
7     1.53624
8     1.53402
9     1.53151
10     1.52871
11     1.52561
12     1.52223
13     1.51856
14      1.5146
15     1.51036
16     1.50584
17     1.50103
18     1.49595
19     1.49058
20     1.48494
21     1.47901
22     1.47281
23     1.46633
24     1.45958
25     1.45254
26     1.44524
27     1.43765
28      1.4298
29     1.42168
30     1.41328
31     1.40462
32     1.39569
33      1.3865
34     1.37705
35     1.36733
36     1.35737
37     1.34714
38     1.33667
39     1.32595
40     1.31499
41      1.3038
42     1.29237
43     1.28071
44     1.26882
45     1.25671
46     1.24439
47     1.23186
48     1.21913
49      1.2062
50     1.19308
51     1.17978
52     1.16631
53     1.15266
54     1.13886
55      1.1249
56     1.11081
57     1.09657
58     1.08222
59     1.06775
60     1.05317
61     1.03851
62     1.02375
63     1.00893
64    0.994046
65    0.979112
66    0.964143
67    0.949148
68    0.934142
69    0.919136
70    0.904144
71    0.889179
72    0.874253
73    0.859381
74    0.844577
75    0.829852
76    0.815222
77      0.8007
78    0.786298
79    0.772033
80    0.757917
81    0.743963
82    0.730184
83    0.716594
84    0.703206
85     0.69003
86    0.677082
87    0.664371
88    0.651909
89    0.639708
90    0.627778
91     0.61613
92    0.604774
93    0.593718
94    0.582972
95    0.572543
96     0.56244
97    0.552669
98    0.543235
99    0.534146
100    0.525406
101     0.51702
102     0.50899
103    0.501321
104    0.494015
105    0.487073
106    0.480496
107    0.474285
108     0.46844
109    0.462959
110    0.457843
111    0.453087
112    0.448691
113    0.444651
114    0.440964
115    0.437625
116    0.434629
117    0.431972
118    0.429649
119    0.427652
120    0.425975
121    0.424613
122    0.423558
123    0.422803
124     0.42234
125    0.422162
126    0.422259
127    0.422625
128     0.42325
129    0.424127
130    0.425246
131    0.426598
132    0.428175
133    0.429967
134    0.431967
135    0.434164
136     0.43655
137    0.439115
138    0.441851
139     0.44475
140    0.447801
141    0.450998
142    0.454331
143    0.457792
144    0.461372
145    0.465064
146    0.468859
147     0.47275
148    0.476728
149    0.480786
150    0.484917
151    0.489113
152    0.493369
153    0.497676
154     0.50203
155    0.506422
156    0.510847
157    0.515299
158    0.519773
159    0.524262
160    0.528762
161    0.533267
162    0.537773
163    0.542274
164    0.546767
165    0.551247
166    0.555711
167    0.560153
168    0.564571
169    0.568962
170    0.573322
171    0.577646
172    0.581934
173     0.58618
174    0.590384
175    0.594541
176     0.59865
177    0.602708
178    0.606714
179    0.610665
180    0.614559
181    0.618394
182    0.622169
183    0.625882
184    0.629531
185    0.633115
186    0.636632
187    0.640081
188     0.64346
189    0.646768
190    0.650004
191    0.653168
192    0.656258
193    0.659273
194     0.66221
195    0.665069
196    0.667849
197     0.67055
198    0.673169
199    0.675706
200     0.67816
201    0.680531
202    0.682818
203     0.68502
204    0.687136
205    0.689165
206    0.691108
207    0.692963
208    0.694729
209    0.696408
210    0.697998
211    0.699498
212    0.700908
213    0.702228
214    0.703457
215    0.704597
216    0.705645
217    0.706604
218    0.707474
219    0.708254
220    0.708946
221     0.70955
222    0.710067
223    0.710498
224    0.710843
225    0.711104
226    0.711281
227    0.711375
228    0.711388
229    0.711322
230    0.711178
231    0.710958
232    0.710664
233    0.710297
234    0.709862
235     0.70936
236    0.708794
237    0.708166
238    0.707478
239    0.706734
240    0.705937
241    0.705089
242    0.704194
243    0.703255
244    0.702275
245    0.701258
246    0.700208
247     0.69913
248    0.698026
249    0.696899
250    0.695754
251    0.694593
252    0.693421
253    0.692241
254    0.691057
255    0.689872
256    0.688692
257     0.68752
258    0.686359
259    0.685212
260    0.684082
261    0.682973
262    0.681889
263    0.680834
264    0.679809
265    0.678819
266    0.677866
267    0.676953
268    0.676082
269    0.675257
270    0.674479
271     0.67375
272    0.673074
273    0.672452
274    0.671887
275    0.671379
276    0.670931
277    0.670544
278    0.670219
279    0.669958
280     0.66976
281    0.669627
282    0.669558
283    0.669556
284    0.669619
285    0.669749
286    0.669944
287    0.670206
288    0.670534
289    0.670929
290    0.671389
291    0.671914
292    0.672503
293    0.673157
294    0.673875
295    0.674655
296    0.675497
297    0.676398
298    0.677358
299    0.678375
300    0.679447
301    0.680573
302    0.681751
303    0.682981
304     0.68426
305    0.685587
306     0.68696
307    0.688376
308    0.689835
309    0.691332
310    0.692868
311     0.69444
312    0.696046
313    0.697686
314    0.699355
315    0.701052
316    0.702774
317    0.704519
318    0.706284
319    0.708068
320    0.709867
321     0.71168
322    0.713504
323    0.715337
324    0.717175
325    0.719018
326    0.720861
327    0.722703
328    0.724542
329    0.726374
330    0.728197
331    0.730009
332    0.731807
333    0.733589
334    0.735352
335    0.737094
336     0.73881
337    0.740499
338    0.742157
339    0.743784
340    0.745375
341    0.746929
342    0.748444
343    0.749917
344    0.751347
345    0.752732
346    0.754067
347    0.755352
348    0.756585
349    0.757763
350    0.758886
351    0.759952
352     0.76096
353    0.761911
354    0.762802
355    0.763634
356    0.764404
357    0.765113
358    0.765761
359    0.766349
360    0.766877
361    0.767345
362    0.767756
363     0.76811
364     0.76841
365    0.768657
366    0.768852
367    0.768997
368    0.769095
369    0.769149
370    0.769163
371    0.769139
372    0.769082
373    0.768993
374    0.768878
375     0.76874
376    0.768584
377    0.768414
378    0.768235
379    0.768051
380    0.767866
381    0.767686
382    0.767514
383    0.767355
384    0.767216
385      0.7671
386    0.767011
387    0.766955
388    0.766936
389    0.766958
390    0.767025
391     0.76714
392    0.767307
393     0.76753
394    0.767812
395    0.768156
396    0.768563
397    0.769034
398    0.769572
399    0.770177
400    0.770851
401    0.771596
402     0.77241
403    0.773293
404    0.774244
405    0.775261
406    0.776343
407     0.77749
408    0.778698
409    0.779966
410    0.781291
411    0.782669
412    0.784098
413    0.785572
414     0.78709
415    0.788649
416    0.790244
417    0.791872
418    0.793529
419     0.79521
420    0.796912
421    0.798631
422    0.800362
423    0.802101
424    0.803846
425    0.805593
426    0.807338
427    0.809078
428    0.810809
429    0.812528
430    0.814232
431    0.815917
432    0.817582
433    0.819223
434    0.820839
435    0.822428
436    0.823988
437    0.825515
438    0.827009
439    0.828467
440    0.829887
441    0.831269
442    0.832612
443    0.833913
444    0.835172
445    0.836388
446     0.83756
447    0.838689
448    0.839773
449    0.840811
450    0.841804
451    0.842749
452    0.843647
453    0.844496
454    0.845298
455    0.846053
456     0.84676
457    0.847418
458    0.848027
459    0.848587
460    0.849099
461    0.849562
462    0.849977
463    0.850345
464    0.850663
465    0.850931
466    0.851151
467    0.851322
468    0.851445
469    0.851519
470    0.851546
471    0.851523
472    0.851454
473    0.851338
474    0.851174
475    0.850964
476    0.850708
477    0.850405
478    0.850056
479    0.849662
480    0.849223
481     0.84874
482    0.848213
483    0.847644
484    0.847033
485    0.846379
486    0.845686
487    0.844955
488    0.844187
489    0.843381
490    0.842541
491    0.841667
492    0.840762
493    0.839827
494    0.838865
495    0.837877
496    0.836865
497    0.835831
498    0.834779
499    0.833709
500    0.832624
501    0.831527
502     0.83042
503    0.829305
504    0.828186
505    0.827065
506    0.825947
507    0.824833
508    0.823728
509    0.822633
510    0.821551
511    0.820486
512     0.81944
513    0.818417
514     0.81742
515    0.816451
516    0.815514
517    0.814612
518    0.813749
519    0.812926
520    0.812147
521    0.811412
522    0.810727
523    0.810092
524    0.809509
525    0.808982
526    0.808512
527    0.808101
528    0.807752
529    0.807466
530    0.807244
531    0.807088
532    0.806998
533    0.806976
534    0.807023
535    0.807139
536    0.807325
537    0.807581
538    0.807908
539    0.808305
540    0.808771
541    0.809307
542    0.809911
543    0.810585
544    0.811325
545    0.812131
546    0.813002
547    0.813937
548    0.814934
549    0.815991
550    0.817106
551    0.818277
552    0.819503
553    0.820782
554    0.822112
555    0.823491
556    0.824914
557     0.82638
558    0.827886
559     0.82943
560     0.83101
561    0.832621
562    0.834261
563    0.835929
564    0.837621
565    0.839333
566    0.841064
567    0.842811
568    0.844572
569    0.846344
570    0.848125
571    0.849911
572    0.851699
573    0.853488
574    0.855276
575     0.85706
576    0.858837
577    0.860605
578    0.862363
579    0.864109
580     0.86584
581    0.867556
582    0.869255
583    0.870936
584    0.872594
585     0.87423
586     0.87584
587    0.877426
588    0.878985
589    0.880516
590     0.88202
591    0.883494
592    0.884937
593    0.886349
594    0.887729
595    0.889077
596    0.890391
597    0.891671
598    0.892916
599    0.894126
600    0.895301
601     0.89644
602    0.897546
603    0.898616
604    0.899651
605     0.90065
606    0.901613
607    0.902541
608    0.903435
609    0.904295
610    0.905121
611    0.905912
612    0.906668
613    0.907389
614    0.908076
615    0.908729
616    0.909349
617    0.909936
618     0.91049
619     0.91101
620    0.911499
621    0.911954
622    0.912375
623    0.912763
624    0.913117
625    0.913439
626    0.913728
627    0.913984
628    0.914208
629    0.914398
630    0.914557
631    0.914682
632    0.914775
633    0.914834
634     0.91486
635    0.914854
636    0.914814
637    0.914742
638    0.914636
639    0.914497
640    0.914325
641     0.91412
642    0.913882
643     0.91361
644    0.913303
645    0.912962
646    0.912587
647    0.912177
648     0.91173
649    0.911249
650    0.910732
651    0.910179
652    0.909591
653    0.908968
654    0.908309
655    0.907614
656    0.906883
657    0.906116
658    0.905313
659    0.904475
660      0.9036
661    0.902689
662    0.901742
663    0.900759
664     0.89974
665    0.898687
666    0.897599
667    0.896479
668    0.895325
669    0.894138
670     0.89292
671    0.891671
672    0.890392
673    0.889084
674    0.887748
675    0.886387
676    0.885002
677    0.883593
678    0.882162
679     0.88071
680    0.879238
681    0.877748
682    0.876242
683     0.87472
684    0.873187
685    0.871643
686     0.87009
687     0.86853
688    0.866966
689    0.865399
690    0.863832
691    0.862266
692    0.860702
693    0.859143
694    0.857591
695    0.856047
696    0.854514
697    0.852992
698    0.851485
699    0.849993
700    0.848518
701    0.847062
702    0.845625
703    0.844208
704    0.842812
705    0.841438
706    0.840087
707    0.838761
708     0.83746
709    0.836184
710    0.834934
711    0.833709
712     0.83251
713    0.831335
714    0.830186
715     0.82906
716    0.827958
717    0.826879
718    0.825823
719     0.82479
720    0.823776
721    0.822783
722    0.821809
723    0.820853
724    0.819914
725    0.818989
726    0.818079
727    0.817181
728    0.816294
729    0.815416
730    0.814546
731    0.813682
732    0.812822
733    0.811964
734    0.811106
735    0.810248
736    0.809388
737    0.808524
738    0.807655
739     0.80678
740    0.805897
741    0.805004
742    0.804101
743    0.803185
744    0.802256
745    0.801313
746    0.800354
747    0.799378
748    0.798385
749    0.797375
750    0.796345
751    0.795296
752    0.794227
753    0.793137
754    0.792028
755    0.790896
756    0.789743
757    0.788568
758    0.787372
759    0.786155
760    0.784916
761    0.783656
762    0.782374
763    0.781072
764    0.779748
765    0.778405
766    0.777041
767    0.775658
768    0.774257
769    0.772838
770    0.771403
771    0.769952
772    0.768486
773    0.767007
774    0.765516
775    0.764014
776    0.762503
777    0.760984
778    0.759461
779    0.757932
780    0.756399
781    0.754866
782    0.753332
783    0.751801
784    0.750273
785     0.74875
786    0.747235
787    0.745728
788    0.744231
789    0.742747
790    0.741277
791    0.739825
792    0.738391
793    0.736977
794    0.735585
795    0.734217
796    0.732874
797     0.73156
798    0.730275
799    0.729023
800    0.727804
801     0.72662
802    0.725473
803    0.724365
804    0.723298
805    0.722272
806    0.721291
807    0.720354
808    0.719465
809    0.718625
810    0.717836
811    0.717098
812    0.716413
813    0.715784
814    0.715211
815    0.714696
816     0.71424
817    0.713843
818    0.713507
819    0.713232
820     0.71302
821     0.71287
822    0.712785
823    0.712765
824    0.712809
825    0.712917
826     0.71309
827    0.713328
828    0.713631
829       0.714
830    0.714434
831    0.714932
832    0.715495
833    0.716124
834    0.716816
835    0.717571
836    0.718387
837    0.719264
838    0.720202
839    0.721199
840    0.722253
841    0.723363
842    0.724527
843    0.725742
844    0.727007
845    0.728318
846    0.729676
847    0.731076
848    0.732517
849    0.733998
850    0.735515
851    0.737064
852    0.738642
853    0.740248
854    0.741878
855    0.743532
856    0.745205
857    0.746895
858    0.748597
859    0.750309
860    0.752027
861    0.753749
862    0.755472
863    0.757193
864     0.75891
865     0.76062
866    0.762319
867    0.764006
868    0.765678
869    0.767333
870    0.768967
871     0.77058
872     0.77217
873    0.773735
874    0.775273
875    0.776783
876    0.778261
877    0.779709
878    0.781123
879    0.782502
880    0.783845
881    0.785153
882    0.786423
883    0.787654
884    0.788845
885    0.789997
886    0.791109
887     0.79218
888     0.79321
889    0.794198
890    0.795143
891    0.796046
892    0.796907
893    0.797727
894    0.798504
895    0.799238
896    0.799929
897     0.80058
898    0.801189
899    0.801757
900    0.802284
901     0.80277
902    0.803216
903    0.803623
904     0.80399
905    0.804317
906    0.804605
907    0.804855
908    0.805068
909    0.805243
910    0.805383
911    0.805488
912    0.805557
913    0.805593
914    0.805596
915    0.805567
916    0.805506
917    0.805416
918    0.805296
919    0.805149
920    0.804974
921    0.804772
922    0.804546
923    0.804294
924     0.80402
925    0.803724
926    0.803408
927    0.803072
928    0.802717
929    0.802345
930    0.801958
931    0.801556
932     0.80114
933    0.800711
934     0.80027
935     0.79982
936     0.79936
937    0.798893
938    0.798421
939    0.797942
940    0.797459
941    0.796973
942    0.796484
943    0.795994
944    0.795505
945    0.795015
946    0.794527
947    0.794041
948    0.793559
949    0.793081
950    0.792607
951    0.792139
952    0.791677
953    0.791222
954    0.790774
955    0.790333
956    0.789899
957    0.789472
958    0.789052
959    0.788639
960    0.788233
961    0.787835
962    0.787445
963    0.787063
964     0.78669
965    0.786323
966    0.785964
967    0.785612
968    0.785267
969    0.784929
970    0.784598
971    0.784273
972    0.783954
973    0.783642
974    0.783335
975    0.783033
976    0.782736
977    0.782444
978    0.782156
979    0.781872
980    0.781591
981    0.781315
982    0.781042
983    0.780773
984    0.780507
985    0.780244
986    0.779986
987    0.779731
988     0.77948
989    0.779233
990    0.778991
991    0.778752
992    0.778517
993    0.778287
994    0.778061
995     0.77784
996    0.777627
997    0.777419
998    0.777217
999    0.777023
1000    0.776836
1001    0.776657
1002    0.776487
1003    0.776327
1004    0.776176
1005    0.776036
1006    0.775907
1007     0.77579
1008    0.775686
1009    0.775596
1010     0.77552
1011     0.77546
1012    0.775417
1013     0.77539
1014    0.775381
1015     0.77539
1016     0.77542
1017     0.77547
1018    0.775541
1019    0.775637
1020    0.775757
1021    0.775901
1022     0.77607
1023    0.776264
1024    0.776484
1025    0.776732
1026    0.777008
1027    0.777312
1028    0.777646
1029     0.77801
1030    0.778403
1031    0.778825
1032    0.779275
1033    0.779755
1034    0.780264
1035    0.780801
1036    0.781366
1037    0.781957
1038    0.782576
1039    0.783221
1040    0.783891
1041    0.784585
1042    0.785302
1043     0.78604
1044    0.786799
1045    0.787575
1046    0.788369
1047    0.789178
1048        0.79
1049    0.790834
1050    0.791676
1051    0.792526
1052    0.793381
1053     0.79424
1054      0.7951
1055    0.795958
1056    0.796813
1057    0.797661
1058    0.798501
1059     0.79933
1060    0.800147
1061    0.800948
1062    0.801732
1063    0.802496
1064    0.803238
1065    0.803958
1066    0.804652
1067    0.805318
1068    0.805954
1069    0.806559
1070    0.807129
1071    0.807664
1072    0.808163
1073    0.808624
1074    0.809044
1075    0.809424
1076    0.809762
1077    0.810057
1078    0.810307
1079    0.810512
1080    0.810669
1081    0.810779
1082    0.810841
1083    0.810854
1084    0.810819
1085    0.810736
1086    0.810602
1087    0.810417
1088    0.810182
1089    0.809897
1090    0.809561
1091    0.809176
1092    0.808739
1093    0.808252
1094    0.807716
1095    0.807129
1096    0.806493
1097    0.805809
1098    0.805078
1099    0.804303
1100    0.803482
1101    0.802616
1102    0.801707
1103    0.800756
1104    0.799763
1105     0.79873
1106    0.797659
1107    0.796551
1108    0.795408
1109    0.794232
1110    0.793023
1111    0.791784
1112    0.790517
1113    0.789225
1114    0.787909
1115    0.786573
1116    0.785217
1117    0.783844
1118    0.782457
1119    0.781057
1120    0.779647
1121    0.778229
1122    0.776806
1123    0.775381
1124    0.773957
1125    0.772535
1126    0.771119
1127    0.769713
1128    0.768319
1129    0.766941
1130     0.76558
1131     0.76424
1132    0.762923
1133    0.761633
1134    0.760372
1135    0.759144
1136     0.75795
1137    0.756795
1138    0.755682
1139    0.754613
1140    0.753589
1141    0.752614
1142     0.75169
1143    0.750819
1144    0.750005
1145    0.749248
1146    0.748552
1147    0.747919
1148     0.74735
1149    0.746847
1150    0.746414
1151    0.746051
1152    0.745759
1153     0.74554
1154    0.745395
1155    0.745326
1156    0.745333
1157    0.745416
1158    0.745576
1159    0.745815
1160    0.746131
1161    0.746525
1162    0.746997
1163    0.747547
1164    0.748176
1165    0.748883
1166    0.749665
1167    0.750524
1168    0.751458
1169    0.752466
1170    0.753548
1171    0.754701
1172    0.755924
1173    0.757216
1174    0.758575
1175        0.76
1176    0.761488
1177    0.763037
1178    0.764645
1179     0.76631
1180    0.768027
1181    0.769796
1182    0.771613
1183    0.773477
1184    0.775384
1185    0.777331
1186    0.779316
1187    0.781336
1188    0.783387
1189    0.785469
1190    0.787576
1191    0.789707
1192    0.791858
1193    0.794025
1194    0.796205
1195    0.798394
1196     0.80059
1197    0.802791
1198    0.804992
1199    0.807191
1200    0.809385
1201    0.811571
1202    0.813747
1203    0.815908
1204    0.818052
1205    0.820176
1206    0.822278
1207    0.824355
1208    0.826404
1209    0.828423
1210    0.830408
1211    0.832357
1212    0.834267
1213    0.836136
1214    0.837962
1215    0.839742
1216    0.841475
1217    0.843159
1218    0.844792
1219    0.846371
1220    0.847896
1221    0.849365
1222    0.850777
1223     0.85213
1224    0.853422
1225    0.854654
1226    0.855822
1227    0.856928
1228     0.85797
1229    0.858948
1230    0.859861
1231    0.860712
1232    0.861499
1233    0.862223
1234    0.862881
1235    0.863474
1236    0.864004
1237    0.864472
1238    0.864878
1239    0.865222
1240    0.865505
1241    0.865729
1242    0.865895
1243    0.866005
1244    0.866061
1245    0.866065
1246    0.866017
1247     0.86592
1248    0.865778
1249     0.86559
1250    0.865361
1251    0.865092
1252    0.864787
1253    0.864449
1254     0.86408
1255    0.863682
1256    0.863257
1257    0.862809
1258    0.862339
1259    0.861852
1260     0.86135
1261    0.860836
1262    0.860315
1263    0.859788
1264    0.859258
1265    0.858729
1266    0.858203
1267    0.857683
1268     0.85717
1269    0.856669
1270    0.856182
1271    0.855711
1272    0.855258
1273    0.854825
1274    0.854414
1275    0.854028
1276     0.85367
1277    0.853342
1278    0.853045
1279    0.852779
1280    0.852549
1281    0.852355
1282    0.852198
1283    0.852081
1284    0.852004
1285    0.851966
1286    0.851971
1287    0.852017
1288    0.852106
1289    0.852238
1290    0.852414
1291    0.852633
1292    0.852897
1293    0.853203
1294    0.853553
1295    0.853944
1296    0.854379
1297    0.854854
1298    0.855372
1299     0.85593
1300    0.856529
1301    0.857166
1302    0.857841
1303    0.858551
1304    0.859293
1305    0.860067
1306    0.860871
1307    0.861702
1308    0.862558
1309    0.863437
1310    0.864339
1311     0.86526
1312    0.866196
1313    0.867146
1314    0.868106
1315    0.869075
1316     0.87005
1317    0.871027
1318    0.872003
1319    0.872978
1320    0.873949
1321    0.874911
1322    0.875862
1323      0.8768
1324    0.877721
1325    0.878623
1326    0.879503
1327    0.880359
1328    0.881188
1329    0.881989
1330    0.882758
1331    0.883493
1332    0.884191
1333     0.88485
1334     0.88547
1335    0.886047
1336     0.88658
1337    0.887068
1338    0.887507
1339    0.887896
1340    0.888235
1341    0.888521
1342    0.888753
1343    0.888932
1344    0.889053
1345    0.889118
1346    0.889124
1347    0.889072
1348    0.888961
1349     0.88879
1350    0.888558
1351    0.888266
1352    0.887913
1353    0.887498
1354    0.887022
1355    0.886483
1356    0.885883
1357    0.885221
1358    0.884497
1359    0.883711
1360    0.882865
1361    0.881957
1362    0.880991
1363    0.879967
1364    0.878886
1365    0.877746
1366    0.876549
1367    0.875295
1368    0.873988
1369    0.872627
1370    0.871214
1371    0.869748
1372    0.868231
1373    0.866665
1374     0.86505
1375    0.863387
1376    0.861677
1377    0.859922
1378    0.858123
1379    0.856283
1380    0.854402
1381    0.852481
1382    0.850521
1383    0.848525
1384    0.846495
1385    0.844432
1386    0.842339
1387    0.840215
1388    0.838062
1389    0.835883
1390    0.833678
1391    0.831448
1392    0.829196
1393    0.826924
1394    0.824631
1395    0.822321
1396    0.819994
1397    0.817654
1398    0.815302
1399    0.812937
1400    0.810563
1401    0.808181
1402    0.805792
1403    0.803398
1404    0.801002
1405    0.798604
1406    0.796205
1407    0.793807
1408    0.791411
1409     0.78902
1410    0.786635
1411    0.784256
1412    0.781887
1413    0.779528
1414    0.777181
1415    0.774848
1416     0.77253
1417    0.770229
1418    0.767947
1419    0.765684
1420    0.763443
1421    0.761225
1422    0.759032
1423    0.756865
1424    0.754727
1425    0.752618
1426    0.750539
1427    0.748493
1428    0.746481
1429    0.744503
1430    0.742561
1431    0.740659
1432    0.738796
1433    0.736974
1434    0.735195
1435    0.733459
1436     0.73177
1437    0.730128
1438    0.728535
1439    0.726992
1440    0.725499
1441    0.724059
1442    0.722672
1443     0.72134
1444    0.720062
1445    0.718842
1446    0.717681
1447    0.716579
1448    0.715537
1449    0.714557
1450    0.713638
1451    0.712783
1452     0.71199
1453    0.711262
1454    0.710598
1455    0.709998
1456    0.709464
1457    0.708995
1458    0.708592
1459    0.708255
1460    0.707985
1461     0.70778
1462    0.707641
1463    0.707568
1464     0.70756
1465    0.707617
1466    0.707738
1467    0.707924
1468    0.708174
1469    0.708486
1470     0.70886
1471    0.709295
1472     0.70979
1473    0.710345
1474    0.710957
1475    0.711627
1476    0.712354
1477    0.713138
1478    0.713975
1479    0.714865
1480    0.715807
1481    0.716798
1482    0.717838
1483    0.718926
1484    0.720059
1485    0.721237
1486    0.722459
1487    0.723722
1488    0.725024
1489    0.726366
1490    0.727744
1491    0.729158
1492    0.730606
1493    0.732088
1494    0.733601
1495    0.735145
1496    0.736719
1497    0.738321
1498     0.73995
1499    0.741604
1500    0.743283
1501    0.744984
1502    0.746707
1503    0.748451
1504    0.750214
1505    0.751995
1506    0.753794
1507    0.755609
1508    0.757439
1509    0.759283
1510     0.76114
1511    0.763008
1512    0.764888
1513    0.766777
1514    0.768675
1515    0.770581
1516    0.772492
1517    0.774407
1518    0.776325
1519    0.778246
1520    0.780167
1521    0.782088
1522    0.784008
1523    0.785925
1524    0.787838
1525    0.789745
1526    0.791645
1527    0.793535
1528    0.795416
1529    0.797285
1530    0.799139
1531    0.800978
1532      0.8028
1533    0.804603
1534    0.806386
1535    0.808148
1536    0.809886
1537    0.811599
1538    0.813286
1539    0.814944
1540    0.816572
1541    0.818169
1542    0.819732
1543    0.821261
1544    0.822755
1545    0.824212
1546     0.82563
1547    0.827009
1548    0.828347
1549    0.829643
1550    0.830894
1551      0.8321
1552     0.83326
1553    0.834375
1554    0.835442
1555    0.836461
1556    0.837431
1557    0.838349
1558    0.839215
1559    0.840029
1560     0.84079
1561    0.841497
1562    0.842151
1563     0.84275
1564    0.843294
1565    0.843782
1566    0.844215
1567    0.844593
1568    0.844915
1569     0.84518
1570     0.84539
1571    0.845543
1572    0.845641
1573    0.845683
1574     0.84567
1575    0.845603
1576    0.845482
1577    0.845308
1578     0.84508
1579    0.844799
1580    0.844466
1581    0.844082
1582    0.843646
1583     0.84316
1584    0.842625
1585    0.842043
1586    0.841414
1587     0.84074
1588     0.84002
1589    0.839256
1590    0.838448
1591    0.837599
1592    0.836711
1593    0.835784
1594    0.834821
1595    0.833823
1596    0.832791
1597    0.831726
1598     0.83063
1599    0.829503
1600    0.828348
1601    0.827166
1602    0.825959
1603    0.824728
1604    0.823476
1605    0.822203
1606    0.820912
1607    0.819605
1608    0.818284
1609     0.81695
1610    0.815605
1611    0.814253
1612    0.812894
1613    0.811532
1614    0.810168
1615    0.808805
1616    0.807443
1617    0.806086
1618    0.804735
1619    0.803392
1620    0.802058
1621    0.800735
1622    0.799423
1623    0.798125
1624    0.796843
1625    0.795577
1626    0.794331
1627    0.793105
1628    0.791903
1629    0.790724
1630    0.789571
1631    0.788445
1632    0.787349
1633    0.786284
1634    0.785252
1635    0.784253
1636    0.783289
1637    0.782361
1638    0.781473
1639    0.780625
1640    0.779819
1641    0.779055
1642    0.778334
1643    0.777659
1644    0.777031
1645    0.776449
1646    0.775916
1647    0.775432
1648    0.774998
1649    0.774616
1650    0.774285
1651    0.774007
1652    0.773782
1653    0.773611
1654    0.773495
1655    0.773433
1656    0.773425
1657    0.773472
1658    0.773575
1659    0.773732
1660    0.773945
1661    0.774213
1662    0.774534
1663    0.774909
1664    0.775336
1665    0.775816
1666    0.776347
1667    0.776927
1668    0.777557
1669    0.778234
1670    0.778957
1671    0.779725
1672    0.780538
1673    0.781391
1674    0.782285
1675    0.783217
1676    0.784186
1677    0.785189
1678    0.786224
1679     0.78729
1680    0.788383
1681    0.789501
1682    0.790642
1683    0.791803
1684    0.792983
1685    0.794178
1686    0.795386
1687    0.796605
1688    0.797833
1689    0.799065
1690    0.800301
1691    0.801538
1692    0.802774
1693    0.804005
1694    0.805231
1695    0.806448
1696    0.807654
1697    0.808849
1698    0.810028
1699    0.811191
1700    0.812334
1701    0.813457
1702    0.814556
1703    0.815631
1704    0.816681
1705    0.817703
1706    0.818695
1707    0.819658
1708     0.82059
1709     0.82149
1710    0.822357
1711     0.82319
1712    0.823988
1713    0.824749
1714    0.825475
1715    0.826164
1716    0.826815
1717    0.827429
1718    0.828005
1719    0.828543
1720    0.829044
1721    0.829508
1722    0.829935
1723    0.830325
1724    0.830678
1725    0.830996
1726    0.831279
1727    0.831529
1728    0.831745
1729    0.831929
1730     0.83208
1731      0.8322
1732     0.83229
1733    0.832352
1734    0.832387
1735    0.832394
1736    0.832376
1737    0.832335
1738    0.832272
1739    0.832187
1740    0.832081
1741    0.831956
1742    0.831814
1743    0.831654
1744    0.831479
1745     0.83129
1746    0.831088
1747    0.830873
1748    0.830648
1749    0.830412
1750    0.830167
1751    0.829914
1752    0.829655
1753    0.829389
1754     0.82912
1755    0.828846
1756    0.828568
1757    0.828287
1758    0.828005
1759    0.827722
1760    0.827438
1761    0.827153
1762    0.826868
1763    0.826583
1764      0.8263
1765    0.826017
1766    0.825736
1767    0.825457
1768    0.825181
1769    0.824909
1770    0.824639
1771    0.824371
1772    0.824106
1773    0.823844
1774    0.823585
1775    0.823328
1776    0.823074
1777    0.822822
1778    0.822573
1779    0.822326
1780    0.822081
1781    0.821838
1782    0.821597
1783    0.821358
1784    0.821119
1785    0.820882
1786    0.820646
1787    0.820412
1788    0.820178
1789    0.819946
1790    0.819714
1791    0.819483
1792    0.819252
1793    0.819021
1794     0.81879
1795    0.818559
1796    0.818328
1797    0.818095
1798    0.817862
1799    0.817627
1800    0.817392
1801    0.817155
1802    0.816918
1803    0.816677
1804    0.816435
1805     0.81619
1806    0.815942
1807    0.815691
1808    0.815437
1809     0.81518
1810    0.814919
1811    0.814655
1812    0.814388
1813    0.814115
1814    0.813837
1815    0.813554
1816    0.813266
1817    0.812972
1818    0.812672
1819    0.812367
1820    0.812055
1821    0.811737
1822    0.811411
1823    0.811077
1824    0.810736
1825    0.810385
1826    0.810026
1827    0.809656
1828    0.809276
1829    0.808886
1830    0.808486
1831    0.808074
1832     0.80765
1833    0.807214
1834    0.806765
1835    0.806304
1836    0.805828
1837    0.805339
1838    0.804836
1839    0.804317
1840    0.803784
1841    0.803236
1842    0.802671
1843     0.80209
1844    0.801493
1845    0.800879
1846    0.800247
1847    0.799597
1848    0.798929
1849    0.798243
1850    0.797539
1851    0.796816
1852    0.796074
1853    0.795314
1854    0.794534
1855    0.793735
1856    0.792918
1857    0.792082
1858    0.791228
1859    0.790356
1860    0.789465
1861    0.788555
1862    0.787628
1863    0.786685
1864    0.785724
1865    0.784746
1866    0.783752
1867    0.782742
1868    0.781717
1869     0.78068
1870    0.779629
1871    0.778567
1872    0.777493
1873     0.77641
1874    0.775318
1875    0.774218
1876    0.773112
1877       0.772
1878    0.770885
1879    0.769767
1880    0.768648
1881     0.76753
1882    0.766414
1883    0.765303
1884    0.764198
1885    0.763101
1886    0.762014
1887    0.760939
1888    0.759878
1889    0.758833
1890    0.757804
1891    0.756794
1892    0.755804
1893    0.754837
1894    0.753896
1895    0.752982
1896    0.752099
1897    0.751247
1898    0.750428
1899    0.749643
1900    0.748896
1901    0.748187
1902    0.747519
1903    0.746893
1904     0.74631
1905    0.745773
1906    0.745282
1907    0.744839
1908    0.744444
1909    0.744099
1910    0.743807
1911    0.743569
1912    0.743385
1913    0.743256
1914    0.743181
1915    0.743161
1916    0.743196
1917    0.743287
1918    0.743433
1919    0.743634
1920     0.74389
1921      0.7442
1922    0.744566
1923    0.744984
1924    0.745457
1925    0.745983
1926    0.746562
1927    0.747191
1928    0.747869
1929    0.748596
1930    0.749369
1931    0.750188
1932    0.751049
1933    0.751951
1934    0.752893
1935    0.753872
1936    0.754886
1937    0.755934
1938    0.757013
1939     0.75812
1940    0.759254
1941    0.760411
1942     0.76159
1943    0.762788
1944    0.764002
1945    0.765229
1946    0.766466
1947    0.767712
1948    0.768964
1949    0.770219
1950    0.771475
1951    0.772729
1952    0.773977
1953    0.775218
1954    0.776449
1955    0.777667
1956    0.778869
1957    0.780053
1958    0.781216
1959    0.782356
1960    0.783471
1961    0.784559
1962    0.785618
1963    0.786646
1964    0.787641
1965    0.788602
1966    0.789527
1967    0.790415
1968    0.791265
1969    0.792074
1970    0.792842
1971    0.793566
1972    0.794248
1973    0.794887
1974    0.795482
1975    0.796032
1976    0.796538
1977       0.797
1978    0.797419
1979    0.797795
1980    0.798128
1981    0.798419
1982     0.79867
1983    0.798882
1984    0.799055
1985    0.799193
1986    0.799297
1987    0.799368
1988    0.799408
1989    0.799421
1990    0.799407
1991     0.79937
1992    0.799311
1993    0.799233
1994    0.799138
1995    0.799029
1996     0.79891
1997    0.798782
1998    0.798649
1999    0.798515
2000    0.798383
2001    0.798256
2002    0.798136
2003    0.798026
2004    0.797928
2005    0.797846
2006    0.797785
2007    0.797744
2008    0.797727
2009    0.797735
2010    0.797771
2011    0.797838
2012    0.797937
2013    0.798071
2014    0.798241
2015     0.79845
2016    0.798697
2017    0.798985
2018    0.799314
2019    0.799688
2020    0.800105
2021    0.800565
2022     0.80107
2023    0.801621
2024    0.802216
2025    0.802858
2026    0.803545
2027    0.804276
2028    0.805051
2029    0.805868
2030    0.806728
2031    0.807628
2032    0.808566
2033    0.809543
2034    0.810556
2035    0.811604
2036    0.812685
2037    0.813797
2038    0.814938
2039    0.816106
2040    0.817299
2041    0.818516
2042    0.819754
2043    0.821011
2044    0.822286
2045    0.823576
2046    0.824878
2047    0.826191
2048    0.827513
2049    0.828841
2050    0.830173
2051    0.831505
2052    0.832835
2053     0.83416
2054     0.83548
2055    0.836791
2056    0.838092
2057     0.83938
2058    0.840654
2059    0.841913
2060    0.843152
2061    0.844372
2062     0.84557
2063    0.846744
2064    0.847893
2065    0.849015
2066    0.850108
2067    0.851172
2068    0.852204
2069    0.853202
2070    0.854166
2071    0.855094
2072    0.855985
2073    0.856838
2074    0.857653
2075    0.858428
2076    0.859163
2077    0.859856
2078    0.860507
2079    0.861115
2080     0.86168
2081    0.862199
2082    0.862673
2083    0.863102
2084    0.863484
2085     0.86382
2086    0.864109
2087     0.86435
2088    0.864543
2089    0.864688
2090    0.864784
2091    0.864832
2092    0.864832
2093    0.864783
2094    0.864686
2095    0.864542
2096     0.86435
2097    0.864111
2098    0.863825
2099    0.863492
2100    0.863114
2101    0.862689
2102    0.862217
2103      0.8617
2104    0.861138
2105    0.860532
2106    0.859881
2107    0.859187
2108     0.85845
2109    0.857671
2110    0.856849
2111    0.855987
2112    0.855084
2113     0.85414
2114    0.853159
2115    0.852141
2116    0.851085
2117    0.849994
2118    0.848868
2119    0.847709
2120     0.84652
2121    0.845299
2122    0.844048
2123    0.842769
2124    0.841464
2125    0.840133
2126    0.838777
2127    0.837398
2128    0.835997
2129    0.834576
2130    0.833137
2131    0.831683
2132    0.830215
2133    0.828735
2134    0.827245
2135    0.825747
2136    0.824245
2137    0.822739
2138     0.82123
2139    0.819721
2140    0.818215
2141    0.816715
2142    0.815223
2143    0.813741
2144    0.812272
2145    0.810818
2146    0.809381
2147    0.807964
2148    0.806571
2149    0.805203
2150    0.803864
2151    0.802554
2152    0.801277
2153    0.800035
2154    0.798831
2155    0.797667
2156    0.796546
2157     0.79547
2158    0.794441
2159     0.79346
2160     0.79253
2161    0.791654
2162    0.790834
2163     0.79007
2164    0.789365
2165    0.788719
2166    0.788133
2167    0.787609
2168    0.787147
2169    0.786748
2170    0.786415
2171    0.786147
2172    0.785944
2173    0.785805
2174    0.785731
2175    0.785722
2176    0.785777
2177    0.785898
2178    0.786082
2179    0.786329
2180    0.786638
2181    0.787008
2182    0.787437
2183    0.787924
2184    0.788467
2185    0.789065
2186    0.789717
2187    0.790421
2188    0.791174
2189    0.791975
2190    0.792821
2191    0.793711
2192     0.79464
2193    0.795606
2194    0.796606
2195    0.797639
2196    0.798699
2197    0.799786
2198    0.800895
2199    0.802024
2200     0.80317
2201    0.804329
2202    0.805499
2203    0.806677
2204    0.807859
2205    0.809042
2206    0.810221
2207    0.811393
2208    0.812557
2209    0.813708
2210    0.814844
2211    0.815961
2212    0.817055
2213    0.818123
2214    0.819163
2215    0.820173
2216    0.821149
2217    0.822088
2218    0.822989
2219    0.823849
2220    0.824665
2221    0.825435
2222    0.826156
2223    0.826828
2224    0.827448
2225    0.828015
2226    0.828527
2227    0.828981
2228    0.829377
2229    0.829714
2230    0.829991
2231    0.830207
2232    0.830361
2233    0.830453
2234    0.830484
2235    0.830454
2236    0.830362
2237    0.830209
2238    0.829994
2239    0.829721
2240    0.829388
2241    0.828998
2242    0.828552
2243    0.828051
2244    0.827496
2245     0.82689
2246    0.826236
2247    0.825534
2248    0.824787
2249    0.823999
2250     0.82317
2251    0.822303
2252    0.821399
2253    0.820463
2254    0.819498
2255    0.818506
2256     0.81749
2257    0.816451
2258    0.815391
2259    0.814314
2260    0.813223
2261     0.81212
2262    0.811008
2263    0.809889
2264    0.808765
2265    0.807639
2266    0.806512
2267    0.805388
2268    0.804268
2269    0.803152
2270    0.802043
2271    0.800942
2272    0.799852
2273    0.798773
2274    0.797706
2275    0.796652
2276    0.795612
2277    0.794588
2278     0.79358
2279    0.792589
2280    0.791612
2281    0.790651
2282    0.789706
2283    0.788777
2284    0.787864
2285    0.786967
2286    0.786085
2287    0.785218
2288    0.784368
2289    0.783534
2290    0.782714
2291    0.781907
2292    0.781114
2293    0.780334
2294    0.779565
2295    0.778807
2296     0.77806
2297    0.777323
2298    0.776596
2299    0.775876
2300    0.775164
2301    0.774459
2302     0.77376
2303    0.773067
2304     0.77238
2305    0.771696
2306    0.771016
2307    0.770341
2308     0.76967
2309       0.769
2310    0.768333
2311    0.767668
2312    0.767004
2313    0.766342
2314     0.76568
2315    0.765019
2316    0.764358
2317    0.763697
2318    0.763036
2319    0.762374
2320    0.761711
2321    0.761048
2322    0.760385
2323    0.759721
2324    0.759056
2325     0.75839
2326    0.757723
2327    0.757055
2328    0.756386
2329    0.755717
2330    0.755049
2331     0.75438
2332    0.753711
2333    0.753042
2334    0.752373
2335    0.751706
2336     0.75104
2337    0.750376
2338    0.749714
2339    0.749055
2340    0.748399
2341    0.747746
2342    0.747097
2343    0.746452
2344    0.745811
2345    0.745176
2346    0.744547
2347    0.743926
2348    0.743312
2349    0.742705
2350    0.742108
2351     0.74152
2352    0.740943
2353    0.740377
2354    0.739824
2355    0.739282
2356    0.738754
2357     0.73824
2358    0.737742
2359     0.73726
2360    0.736795
2361    0.736349
2362    0.735921
2363    0.735514
2364    0.735128
2365    0.734765
2366    0.734425
2367    0.734109
2368    0.733819
2369    0.733554
2370    0.733317
2371    0.733108
2372    0.732928
2373    0.732778
2374    0.732659
2375    0.732572
2376    0.732519
2377    0.732501
2378    0.732517
2379    0.732569
2380    0.732656
2381     0.73278
2382    0.732942
2383    0.733143
2384    0.733383
2385    0.733664
2386    0.733985
2387    0.734346
2388    0.734747
2389    0.735188
2390     0.73567
2391    0.736194
2392    0.736757
2393     0.73736
2394    0.738003
2395    0.738685
2396    0.739407
2397    0.740168
2398    0.740969
2399    0.741807
2400    0.742683
2401    0.743595
2402    0.744542
2403    0.745523
2404    0.746538
2405    0.747585
2406    0.748661
2407    0.749767
2408    0.750899
2409    0.752058
2410    0.753241
2411    0.754446
2412    0.755672
2413    0.756917
2414    0.758181
2415     0.75946
2416    0.760753
2417    0.762059
2418    0.763377
2419    0.764702
2420    0.766033
2421    0.767369
2422    0.768708
2423    0.770047
2424    0.771384
2425     0.77272
2426    0.774052
2427    0.775378
2428    0.776697
2429    0.778006
2430    0.779304
2431    0.780589
2432    0.781861
2433    0.783117
2434    0.784357
2435    0.785579
2436    0.786783
2437    0.787967
2438    0.789131
2439    0.790271
2440    0.791389
2441    0.792481
2442    0.793549
2443     0.79459
2444    0.795606
2445    0.796595
2446    0.797556
2447    0.798489
2448    0.799393
2449    0.800268
2450    0.801114
2451     0.80193
2452    0.802715
2453    0.803469
2454    0.804193
2455    0.804886
2456    0.805547
2457    0.806178
2458    0.806778
2459    0.807347
2460    0.807886
2461    0.808396
2462    0.808877
2463    0.809328
2464    0.809748
2465     0.81014
2466    0.810501
2467    0.810834
2468    0.811137
2469    0.811412
2470     0.81166
2471     0.81188
2472    0.812075
2473    0.812242
2474    0.812384
2475    0.812501
2476    0.812592
2477    0.812658
2478    0.812699
2479    0.812716
2480    0.812709
2481    0.812681
2482    0.812632
2483    0.812559
2484    0.812465
2485     0.81235
2486    0.812213
2487    0.812056
2488    0.811879
2489    0.811684
2490    0.811469
2491    0.811237
2492    0.810986
2493    0.810718
2494    0.810432
2495    0.810128
2496    0.809808
2497    0.809471
2498    0.809118
2499    0.808751
2500    0.808368
2501    0.807972
2502    0.807563
2503    0.807141
2504    0.806706
2505     0.80626
2506    0.805803
2507    0.805336
2508     0.80486
2509    0.804376
2510    0.803885
2511    0.803389
2512    0.802888
2513    0.802384
2514    0.801877
2515    0.801368
2516    0.800857
2517    0.800347
2518    0.799839
2519    0.799335
2520    0.798834
2521     0.79834
2522    0.797853
2523    0.797375
2524    0.796907
2525    0.796452
2526     0.79601
2527    0.795582
2528     0.79517
2529    0.794776
2530    0.794401
2531    0.794047
2532    0.793714
2533    0.793404
2534    0.793118
2535    0.792859
2536    0.792627
2537    0.792424
2538    0.792251
2539    0.792108
2540    0.791997
2541     0.79192
2542    0.791876
2543    0.791868
2544    0.791895
2545     0.79196
2546    0.792062
2547    0.792202
2548     0.79238
2549    0.792598
2550    0.792854
2551     0.79315
2552    0.793487
2553    0.793865
2554    0.794283
2555    0.794741
2556     0.79524
2557    0.795777
2558    0.796354
2559    0.796971
2560    0.797626
2561    0.798321
2562    0.799055
2563    0.799827
2564    0.800636
2565     0.80148
2566     0.80236
2567    0.803274
2568    0.804222
2569    0.805202
2570    0.806215
2571     0.80726
2572    0.808336
2573    0.809443
2574    0.810579
2575    0.811743
2576    0.812934
2577    0.814152
2578    0.815395
2579    0.816663
2580    0.817955
2581    0.819271
2582    0.820607
2583    0.821965
2584    0.823343
2585     0.82474
2586    0.826155
2587    0.827587
2588    0.829037
2589    0.830502
2590    0.831982
2591    0.833476
2592    0.834983
2593    0.836503
2594    0.838034
2595    0.839577
2596    0.841129
2597    0.842692
2598    0.844264
2599    0.845842
2600    0.847426
2601    0.849015
2602    0.850609
2603    0.852206
2604    0.853805
2605    0.855405
2606    0.857004
2607    0.858601
2608    0.860196
2609    0.861785
2610    0.863369
2611    0.864945
2612    0.866513
2613     0.86807
2614    0.869615
2615    0.871147
2616    0.872664
2617    0.874166
2618     0.87565
2619    0.877113
2620    0.878554
2621    0.879972
2622    0.881363
2623    0.882726
2624    0.884059
2625    0.885361
2626    0.886628
2627     0.88786
2628    0.889053
2629    0.890206
2630    0.891315
2631    0.892381
2632      0.8934
2633    0.894371
2634    0.895291
2635    0.896158
2636     0.89697
2637    0.897726
2638    0.898426
2639    0.899066
2640    0.899647
2641    0.900165
2642    0.900618
2643    0.901006
2644    0.901327
2645     0.90158
2646    0.901764
2647    0.901876
2648    0.901915
2649    0.901881
2650    0.901773
2651     0.90159
2652    0.901332
2653    0.900999
2654     0.90059
2655    0.900103
2656    0.899538
2657    0.898895
2658    0.898174
2659    0.897376
2660    0.896501
2661    0.895549
2662    0.894521
2663    0.893418
2664    0.892239
2665    0.890985
2666    0.889656
2667    0.888256
2668    0.886784
2669    0.885242
2670    0.883631
2671    0.881952
2672    0.880206
2673    0.878395
2674    0.876522
2675    0.874586
2676     0.87259
2677    0.870537
2678    0.868428
2679    0.866265
2680    0.864051
2681    0.861788
2682    0.859476
2683     0.85712
2684    0.854721
2685    0.852281
2686    0.849804
2687    0.847292
2688    0.844748
2689    0.842173
2690    0.839572
2691    0.836945
2692    0.834296
2693    0.831628
2694    0.828944
2695    0.826247
2696    0.823539
2697    0.820823
2698    0.818102
2699     0.81538
2700    0.812658
2701    0.809938
2702    0.807223
2703    0.804516
2704    0.801821
2705     0.79914
2706    0.796474
2707    0.793828
2708    0.791201
2709    0.788599
2710    0.786023
2711    0.783476
2712    0.780959
2713    0.778476
2714    0.776028
2715    0.773617
2716    0.771245
2717    0.768914
2718    0.766626
2719    0.764382
2720    0.762182
2721    0.760029
2722    0.757923
2723    0.755865
2724    0.753858
2725    0.751902
2726    0.749997
2727    0.748145
2728    0.746345
2729      0.7446
2730    0.742909
2731    0.741273
2732    0.739691
2733    0.738163
2734     0.73669
2735    0.735271
2736    0.733906
2737    0.732593
2738    0.731333
2739    0.730126
2740     0.72897
2741    0.727864
2742     0.72681
2743    0.725805
2744    0.724848
2745    0.723938
2746    0.723073
2747    0.722254
2748    0.721478
2749    0.720743
2750     0.72005
2751    0.719398
2752    0.718784
2753    0.718207
2754    0.717665
2755    0.717158
2756    0.716684
2757    0.716242
2758    0.715831
2759    0.715449
2760    0.715097
2761    0.714772
2762    0.714473
2763      0.7142
2764    0.713951
2765    0.713724
2766    0.713519
2767    0.713334
2768     0.71317
2769    0.713026
2770    0.712901
2771    0.712796
2772    0.712709
2773     0.71264
2774     0.71259
2775    0.712557
2776    0.712543
2777    0.712546
2778    0.712568
2779    0.712607
2780    0.712664
2781     0.71274
2782    0.712833
2783    0.712944
2784    0.713072
2785    0.713219
2786    0.713384
2787    0.713569
2788    0.713773
2789    0.713998
2790    0.714242
2791    0.714507
2792    0.714793
2793    0.715101
2794    0.715431
2795    0.715784
2796    0.716159
2797    0.716558
2798    0.716982
2799     0.71743
2800    0.717902
2801    0.718401
2802    0.718925
2803    0.719476
2804    0.720053
2805    0.720657
2806    0.721289
2807    0.721947
2808    0.722633
2809    0.723346
2810    0.724087
2811    0.724856
2812    0.725653
2813    0.726477
2814    0.727328
2815    0.728206
2816    0.729111
2817    0.730043
2818    0.731002
2819    0.731987
2820    0.732999
2821    0.734036
2822    0.735099
2823    0.736187
2824    0.737299
2825    0.738434
2826    0.739592
2827     0.74077
2828     0.74197
2829    0.743189
2830    0.744427
2831    0.745685
2832     0.74696
2833    0.748252
2834    0.749561
2835    0.750885
2836    0.752223
2837    0.753573
2838    0.754936
2839    0.756309
2840    0.757692
2841    0.759084
2842    0.760484
2843    0.761891
2844    0.763306
2845    0.764727
2846    0.766153
2847    0.767583
2848    0.769017
2849    0.770454
2850    0.771892
2851     0.77333
2852    0.774766
2853    0.776201
2854    0.777633
2855    0.779062
2856    0.780486
2857    0.781905
2858    0.783318
2859    0.784723
2860    0.786119
2861    0.787505
2862     0.78888
2863    0.790245
2864    0.791597
2865    0.792938
2866    0.794264
2867    0.795575
2868    0.796871
2869     0.79815
2870    0.799412
2871    0.800655
2872    0.801878
2873    0.803081
2874    0.804263
2875    0.805422
2876    0.806558
2877    0.807669
2878    0.808755
2879    0.809814
2880    0.810846
2881    0.811848
2882    0.812819
2883    0.813759
2884    0.814667
2885    0.815541
2886     0.81638
2887    0.817183
2888    0.817948
2889    0.818675
2890    0.819363
2891    0.820009
2892    0.820612
2893    0.821173
2894    0.821691
2895    0.822163
2896     0.82259
2897    0.822971
2898    0.823303
2899    0.823585
2900    0.823817
2901    0.823999
2902    0.824129
2903    0.824206
2904    0.824231
2905    0.824203
2906    0.824123
2907     0.82399
2908    0.823806
2909    0.823569
2910     0.82328
2911    0.822939
2912    0.822547
2913    0.822104
2914    0.821614
2915    0.821078
2916    0.820496
2917     0.81987
2918      0.8192
2919    0.818491
2920    0.817743
2921    0.816959
2922    0.816142
2923    0.815296
2924    0.814423
2925    0.813527
2926    0.812611
2927     0.81168
2928    0.810737
2929    0.809787
2930    0.808833
2931    0.807882
2932    0.806937
2933    0.806003
2934    0.805084
2935    0.804186
2936    0.803312
2937    0.802468
2938    0.801658
2939    0.800886
2940    0.800156
2941    0.799474
2942    0.798843
2943    0.798267
2944     0.79775
2945    0.797295
2946    0.796903
2947    0.796578
2948    0.796324
2949    0.796139
2950    0.796027
2951    0.795987
2952    0.796021
2953    0.796129
2954    0.796309
2955    0.796562
2956    0.796886
2957     0.79728
2958    0.797743
2959    0.798272
2960    0.798865
2961    0.799519
2962    0.800232
2963       0.801
2964     0.80182
2965     0.80269
2966    0.803605
2967    0.804561
2968    0.805555
2969    0.806585
2970    0.807646
2971    0.808736
2972    0.809851
2973    0.810989
2974    0.812143
2975    0.813313
2976    0.814496
2977    0.815687
2978    0.816885
2979    0.818085
2980    0.819287
2981    0.820487
2982    0.821683
2983    0.822873
2984    0.824057
2985    0.825233
2986    0.826398
2987    0.827551
2988    0.828691
2989    0.829815
2990    0.830923
2991    0.832014
2992    0.833086
2993    0.834139
2994    0.835172
2995    0.836184
2996    0.837175
2997    0.838143
2998    0.839088
2999    0.840009
3000    0.840906
3001    0.841778
3002    0.842624
3003    0.843442
3004    0.844233
3005    0.844995
3006    0.845729
3007    0.846433
3008     0.84711
3009    0.847756
3010     0.84837
3011    0.848953
3012    0.849502
3013    0.850018
3014    0.850501
3015     0.85095
3016    0.851365
3017    0.851744
3018    0.852088
3019    0.852394
3020    0.852663
3021    0.852894
3022    0.853088
3023    0.853242
3024    0.853358
3025    0.853434
3026     0.85347
3027    0.853467
3028    0.853423
3029    0.853338
3030    0.853212
3031    0.853044
3032    0.852833
3033    0.852581
3034    0.852287
3035     0.85195
3036    0.851571
3037    0.851149
3038    0.850684
3039    0.850178
3040    0.849629
3041    0.849039
3042    0.848408
3043    0.847736
3044    0.847025
3045    0.846275
3046    0.845486
3047    0.844659
3048    0.843795
3049    0.842895
3050     0.84196
3051     0.84099
3052    0.839986
3053     0.83895
3054    0.837882
3055    0.836785
3056     0.83566
3057    0.834508
3058    0.833332
3059    0.832133
3060    0.830912
3061    0.829671
3062    0.828413
3063     0.82714
3064    0.825853
3065    0.824556
3066    0.823249
3067    0.821935
3068    0.820617
3069    0.819298
3070     0.81798
3071    0.816664
3072    0.815354
3073    0.814054
3074    0.812765
3075    0.811488
3076    0.810226
3077    0.808982
3078    0.807759
3079    0.806559
3080    0.805383
3081    0.804235
3082    0.803116
3083     0.80203
3084    0.800977
3085    0.799959
3086    0.798978
3087    0.798034
3088    0.797131
3089    0.796268
3090    0.795446
3091    0.794666
3092    0.793928
3093    0.793233
3094    0.792581
3095    0.791973
3096    0.791408
3097    0.790887
3098    0.790408
3099    0.789971
3100    0.789576
3101    0.789221
3102    0.788906
3103     0.78863
3104    0.788393
3105    0.788193
3106    0.788029
3107    0.787898
3108    0.787799
3109     0.78773
3110     0.78769
3111    0.787676
3112    0.787688
3113    0.787725
3114    0.787784
3115    0.787863
3116    0.787962
3117    0.788078
3118    0.788212
3119     0.78836
3120    0.788522
3121    0.788698
3122    0.788885
3123    0.789083
3124    0.789292
3125    0.789511
3126    0.789737
3127    0.789971
3128    0.790213
3129    0.790461
3130    0.790717
3131    0.790978
3132    0.791245
3133    0.791515
3134     0.79179
3135    0.792067
3136    0.792348
3137    0.792632
3138    0.792917
3139    0.793206
3140    0.793496
3141    0.793788
3142    0.794082
3143    0.794377
3144    0.794675
3145    0.794973
3146    0.795273
3147    0.795574
3148    0.795874
3149    0.796176
3150    0.796477
3151    0.796778
3152    0.797079
3153    0.797378
3154    0.797677
3155    0.797975
3156    0.798273
3157    0.798568
3158     0.79886
3159    0.799149
3160    0.799434
3161    0.799716
3162    0.799992
3163    0.800265
3164    0.800531
3165    0.800791
3166    0.801045
3167    0.801292
3168    0.801532
3169    0.801762
3170    0.801982
3171    0.802191
3172    0.802389
3173    0.802574
3174    0.802745
3175    0.802902
3176    0.803043
3177    0.803168
3178    0.803276
3179    0.803365
3180    0.803435
3181    0.803485
3182    0.803515
3183    0.803523
3184    0.803507
3185    0.803467
3186    0.803401
3187    0.803309
3188     0.80319
3189    0.803044
3190     0.80287
3191    0.802666
3192    0.802433
3193    0.802169
3194    0.801874
3195    0.801547
3196    0.801188
3197    0.800796
3198    0.800371
3199    0.799913
3200    0.799423
3201      0.7989
3202    0.798345
3203    0.797758
3204     0.79714
3205    0.796491
3206    0.795813
3207    0.795106
3208     0.79437
3209    0.793606
3210    0.792815
3211    0.791999
3212    0.791159
3213    0.790295
3214     0.78941
3215    0.788504
3216     0.78758
3217    0.786638
3218     0.78568
3219    0.784707
3220    0.783723
3221    0.782727
3222    0.781724
3223    0.780713
3224    0.779696
3225    0.778674
3226     0.77765
3227    0.776625
3228    0.775601
3229    0.774579
3230    0.773561
3231    0.772549
3232    0.771545
3233    0.770548
3234     0.76956
3235    0.768583
3236    0.767618
3237    0.766666
3238    0.765728
3239    0.764804
3240    0.763896
3241    0.763004
3242    0.762129
3243    0.761272
3244    0.760434
3245    0.759615
3246    0.758815
3247    0.758036
3248    0.757278
3249    0.756542
3250    0.755827
3251    0.755134
3252    0.754462
3253    0.753813
3254    0.753187
3255    0.752585
3256    0.752006
3257    0.751451
3258     0.75092
3259    0.750413
3260    0.749931
3261    0.749474
3262    0.749042
3263    0.748637
3264    0.748258
3265    0.747906
3266     0.74758
3267     0.74728
3268    0.747008
3269    0.746763
3270    0.746546
3271    0.746358
3272    0.746199
3273     0.74607
3274    0.745971
3275    0.745903
3276    0.745866
3277    0.745862
3278    0.745891
3279    0.745953
3280    0.746049
3281    0.746179
3282    0.746345
3283    0.746547
3284    0.746785
3285    0.747061
3286    0.747373
3287    0.747724
3288    0.748115
3289    0.748544
3290    0.749014
3291    0.749523
3292    0.750073
3293    0.750664
3294    0.751296
3295    0.751969
3296    0.752684
3297     0.75344
3298    0.754239
3299    0.755079
3300     0.75596
3301    0.756882
3302    0.757845
3303    0.758847
3304    0.759889
3305    0.760972
3306    0.762093
3307    0.763251
3308    0.764445
3309    0.765676
3310    0.766942
3311    0.768242
3312    0.769574
3313    0.770938
3314    0.772332
3315    0.773756
3316    0.775207
3317    0.776684
3318    0.778184
3319    0.779707
3320     0.78125
3321    0.782812
3322    0.784391
3323    0.785985
3324    0.787591
3325    0.789208
3326    0.790833
3327    0.792465
3328    0.794099
3329    0.795735
3330     0.79737
3331    0.799001
3332    0.800626
3333    0.802245
3334    0.803853
3335    0.805448
3336    0.807028
3337    0.808592
3338    0.810136
3339    0.811657
3340    0.813153
3341    0.814622
3342    0.816062
3343     0.81747
3344    0.818843
3345    0.820181
3346     0.82148
3347    0.822739
3348    0.823955
3349    0.825126
3350    0.826251
3351    0.827327
3352    0.828355
3353    0.829331
3354    0.830254
3355    0.831123
3356    0.831936
3357    0.832693
3358    0.833392
3359    0.834032
3360    0.834612
3361    0.835131
3362    0.835589
3363    0.835988
3364    0.836325
3365    0.836598
3366    0.836808
3367    0.836953
3368    0.837034
3369    0.837052
3370    0.837006
3371    0.836899
3372    0.836731
3373    0.836501
3374     0.83621
3375    0.835859
3376    0.835447
3377    0.834978
3378    0.834451
3379    0.833869
3380    0.833231
3381     0.83254
3382    0.831796
3383    0.831002
3384     0.83016
3385     0.82927
3386    0.828336
3387    0.827358
3388    0.826339
3389    0.825281
3390    0.824189
3391    0.823064
3392    0.821908
3393    0.820721
3394    0.819507
3395    0.818268
3396    0.817006
3397    0.815724
3398    0.814426
3399    0.813114
3400     0.81179
3401    0.810457
3402    0.809116
3403    0.807771
3404    0.806425
3405     0.80508
3406    0.803739
3407    0.802404
3408    0.801078
3409    0.799764
3410    0.798465
3411    0.797183
3412    0.795921
3413     0.79468
3414    0.793464
3415    0.792276
3416    0.791117
3417    0.789992
3418    0.788902
3419    0.787849
3420    0.786835
3421    0.785863
3422    0.784935
3423    0.784053
3424    0.783219
3425    0.782435
3426    0.781704
3427    0.781025
3428    0.780401
3429    0.779832
3430     0.77932
3431    0.778865
3432     0.77847
3433    0.778134
3434    0.777858
3435    0.777644
3436    0.777491
3437      0.7774
3438    0.777372
3439    0.777406
3440    0.777502
3441    0.777661
3442    0.777882
3443    0.778165
3444    0.778507
3445    0.778909
3446    0.779368
3447    0.779885
3448    0.780457
3449    0.781084
3450    0.781763
3451    0.782493
3452    0.783272
3453    0.784099
3454    0.784972
3455    0.785887
3456    0.786843
3457    0.787837
3458    0.788868
3459    0.789933
3460    0.791028
3461    0.792152
3462    0.793302
3463    0.794474
3464    0.795666
3465    0.796877
3466    0.798102
3467    0.799339
3468    0.800586
3469    0.801839
3470    0.803095
3471    0.804351
3472    0.805605
3473    0.806854
3474    0.808095
3475    0.809326
3476    0.810543
3477    0.811745
3478    0.812929
3479    0.814092
3480    0.815231
3481    0.816344
3482    0.817428
3483    0.818482
3484    0.819504
3485    0.820492
3486    0.821445
3487    0.822358
3488    0.823231
3489    0.824062
3490    0.824848
3491    0.825589
3492    0.826282
3493    0.826928
3494    0.827524
3495    0.828068
3496    0.828561
3497    0.828999
3498    0.829382
3499    0.829711
3500    0.829982
3501    0.830197
3502    0.830353
3503    0.830451
3504    0.830491
3505    0.830472
3506    0.830393
3507    0.830256
3508    0.830059
3509    0.829804
3510     0.82949
3511    0.829118
3512    0.828689
3513    0.828203
3514     0.82766
3515    0.827062
3516    0.826409
3517      0.8257
3518    0.824938
3519    0.824123
3520    0.823257
3521     0.82234
3522    0.821373
3523    0.820358
3524    0.819296
3525     0.81819
3526    0.817041
3527     0.81585
3528    0.814618
3529    0.813348
3530    0.812041
3531    0.810699
3532    0.809321
3533    0.807912
3534    0.806471
3535    0.805003
3536    0.803508
3537    0.801989
3538    0.800447
3539    0.798884
3540    0.797304
3541    0.795707
3542    0.794096
3543    0.792473
3544    0.790841
3545      0.7892
3546    0.787554
3547    0.785905
3548    0.784253
3549    0.782602
3550    0.780954
3551    0.779309
3552     0.77767
3553    0.776039
3554    0.774418
3555    0.772809
3556    0.771214
3557    0.769636
3558    0.768076
3559    0.766535
3560    0.765015
3561    0.763518
3562    0.762044
3563    0.760597
3564    0.759177
3565    0.757786
3566    0.756425
3567    0.755095
3568    0.753798
3569    0.752535
3570    0.751306
3571    0.750112
3572    0.748956
3573    0.747838
3574    0.746758
3575    0.745716
3576    0.744713
3577    0.743751
3578    0.742829
3579    0.741948
3580     0.74111
3581    0.740313
3582     0.73956
3583     0.73885
3584    0.738183
3585     0.73756
3586    0.736982
3587    0.736448
3588    0.735959
3589    0.735516
3590    0.735117
3591    0.734764
3592    0.734456
3593    0.734194
3594    0.733978
3595    0.733809
3596    0.733687
3597    0.733612
3598    0.733584
3599    0.733604
3600    0.733672
3601    0.733789
3602    0.733955
3603    0.734171
3604    0.734436
3605    0.734752
3606    0.735119
3607    0.735536
3608    0.736006
3609    0.736527
3610    0.737101
3611    0.737728
3612    0.738408
3613    0.739141
3614     0.73993
3615    0.740773
3616    0.741669
3617    0.742618
3618     0.74362
3619    0.744675
3620    0.745781
3621    0.746938
3622    0.748144
3623    0.749398
3624      0.7507
3625    0.752048
3626    0.753438
3627     0.75487
3628     0.75634
3629    0.757846
3630    0.759386
3631    0.760956
3632    0.762552
3633    0.764173
3634    0.765814
3635    0.767472
3636    0.769143
3637    0.770823
3638     0.77251
3639    0.774198
3640    0.775884
3641    0.777563
3642    0.779232
3643    0.780886
3644    0.782521
3645    0.784133
3646    0.785718
3647    0.787272
3648    0.788791
3649    0.790271
3650    0.791709
3651      0.7931
3652    0.794443
3653    0.795735
3654    0.796971
3655    0.798149
3656    0.799269
3657    0.800325
3658    0.801316
3659    0.802241
3660    0.803097
3661    0.803885
3662    0.804604
3663    0.805251
3664    0.805826
3665    0.806327
3666    0.806756
3667    0.807113
3668    0.807397
3669     0.80761
3670     0.80775
3671     0.80782
3672     0.80782
3673    0.807751
3674    0.807615
3675    0.807413
3676    0.807147
3677    0.806819
3678    0.806432
3679    0.805989
3680     0.80549
3681    0.804939
3682    0.804339
3683    0.803692
3684    0.803001
3685    0.802269
3686      0.8015
3687    0.800695
3688    0.799857
3689    0.798991
3690      0.7981
3691    0.797187
3692    0.796255
3693    0.795309
3694    0.794349
3695    0.793382
3696     0.79241
3697    0.791435
3698    0.790463
3699    0.789496
3700    0.788538
3701    0.787592
3702    0.786663
3703    0.785755
3704    0.784869
3705     0.78401
3706    0.783181
3707    0.782385
3708    0.781624
3709    0.780903
3710    0.780224
3711    0.779591
3712    0.779007
3713    0.778475
3714    0.777997
3715    0.777576
3716    0.777213
3717    0.776911
3718    0.776673
3719      0.7765
3720    0.776394
3721    0.776358
3722    0.776392
3723    0.776499
3724     0.77668
3725    0.776937
3726    0.777271
3727    0.777682
3728     0.77817
3729    0.778735
3730    0.779378
3731      0.7801
3732    0.780899
3733    0.781777
3734    0.782733
3735    0.783764
3736    0.784871
3737    0.786053
3738    0.787307
3739    0.788634
3740    0.790032
3741    0.791499
3742    0.793034
3743    0.794633
3744    0.796296
3745    0.798018
3746    0.799799
3747    0.801634
3748    0.803521
3749    0.805456
3750    0.807438
3751    0.809463
3752    0.811527
3753    0.813627
3754     0.81576
3755    0.817923
3756    0.820111
3757    0.822321
3758     0.82455
3759    0.826794
3760    0.829049
3761    0.831312
3762     0.83358
3763    0.835848
3764    0.838114
3765    0.840373
3766    0.842622
3767    0.844857
3768    0.847074
3769     0.84927
3770     0.85144
3771    0.853583
3772    0.855694
3773    0.857773
3774    0.859815
3775    0.861816
3776    0.863774
3777    0.865684
3778    0.867547
3779    0.869358
3780    0.871113
3781    0.872812
3782    0.874452
3783     0.87603
3784    0.877545
3785    0.878995
3786    0.880377
3787    0.881691
3788    0.882933
3789    0.884105
3790    0.885203
3791    0.886226
3792    0.887173
3793    0.888043
3794    0.888835
3795    0.889548
3796    0.890183
3797     0.89074
3798    0.891218
3799    0.891616
3800    0.891935
3801    0.892173
3802    0.892333
3803    0.892413
3804    0.892414
3805    0.892339
3806    0.892187
3807    0.891959
3808    0.891657
3809    0.891281
3810    0.890834
3811    0.890317
3812    0.889732
3813    0.889078
3814    0.888357
3815    0.887571
3816    0.886721
3817    0.885811
3818    0.884842
3819    0.883815
3820    0.882733
3821    0.881598
3822    0.880412
3823    0.879177
3824    0.877894
3825    0.876567
3826    0.875196
3827    0.873786
3828     0.87234
3829    0.870858
3830    0.869345
3831    0.867802
3832     0.86623
3833    0.864634
3834    0.863015
3835    0.861378
3836    0.859722
3837    0.858051
3838    0.856367
3839    0.854673
3840    0.852971
3841    0.851263
3842    0.849551
3843    0.847838
3844    0.846126
3845    0.844417
3846    0.842714
3847    0.841018
3848    0.839332
3849    0.837657
3850    0.835995
3851    0.834349
3852     0.83272
3853     0.83111
3854    0.829521
3855    0.827954
3856    0.826411
3857    0.824893
3858    0.823403
3859    0.821943
3860    0.820513
3861    0.819115
3862    0.817752
3863    0.816425
3864    0.815133
3865    0.813878
3866    0.812661
3867    0.811484
3868    0.810347
3869    0.809251
3870    0.808196
3871    0.807185
3872    0.806217
3873    0.805293
3874    0.804413
3875    0.803579
3876    0.802789
3877    0.802044
3878    0.801345
3879    0.800691
3880    0.800083
3881    0.799521
3882    0.799004
3883    0.798532
3884    0.798106
3885    0.797724
3886    0.797385
3887    0.797091
3888    0.796839
3889    0.796628
3890    0.796459
3891     0.79633
3892     0.79624
3893    0.796188
3894    0.796172
3895    0.796192
3896    0.796247
3897    0.796335
3898    0.796454
3899    0.796604
3900    0.796783
3901     0.79699
3902    0.797223
3903     0.79748
3904    0.797761
3905    0.798064
3906    0.798388
3907    0.798732
3908    0.799093
3909     0.79947
3910    0.799861
3911    0.800265
3912    0.800681
3913    0.801106
3914    0.801539
3915    0.801978
3916    0.802423
3917    0.802874
3918    0.803329
3919    0.803785
3920    0.804242
3921    0.804698
3922    0.805153
3923    0.805604
3924    0.806051
3925    0.806492
3926    0.806925
3927     0.80735
3928    0.807764
3929    0.808168
3930     0.80856
3931    0.808939
3932    0.809305
3933    0.809655
3934    0.809988
3935    0.810303
3936    0.810599
3937    0.810876
3938    0.811131
3939    0.811364
3940    0.811572
3941    0.811756
3942    0.811914
3943    0.812045
3944    0.812146
3945    0.812217
3946    0.812257
3947    0.812263
3948    0.812236
3949    0.812173
3950    0.812074
3951    0.811937
3952    0.811761
3953    0.811547
3954    0.811292
3955    0.810994
3956    0.810653
3957    0.810267
3958    0.809837
3959     0.80936
3960    0.808836
3961    0.808262
3962     0.80764
3963    0.806969
3964    0.806246
3965    0.805472
3966    0.804646
3967    0.803768
3968    0.802837
3969    0.801854
3970    0.800818
3971    0.799728
3972    0.798586
3973    0.797392
3974    0.796146
3975    0.794848
3976      0.7935
3977    0.792102
3978    0.790655
3979    0.789161
3980    0.787622
3981    0.786038
3982    0.784411
3983    0.782743
3984    0.781034
3985    0.779288
3986    0.777506
3987    0.775692
3988    0.773847
3989    0.771974
3990    0.770075
3991    0.768154
3992    0.766212
3993    0.764252
3994    0.762278
3995    0.760293
3996    0.758298
3997    0.756297
3998    0.754294
3999    0.752293
4000    0.750294
4001    0.748302
4002    0.746321
4003    0.744354
4004    0.742405
4005    0.740476
4006    0.738572
4007    0.736694
4008    0.734846
4009    0.733031
4010     0.73125
4011    0.729509
4012    0.727809
4013    0.726155
4014    0.724547
4015     0.72299
4016    0.721485
4017    0.720034
4018     0.71864
4019    0.717305
4020    0.716032
4021    0.714822
4022    0.713678
4023      0.7126
4024    0.711589
4025     0.71065
4026    0.709782
4027    0.708987
4028    0.708264
4029    0.707616
4030    0.707042
4031    0.706545
4032    0.706125
4033    0.705782
4034    0.705516
4035    0.705329
4036     0.70522
4037    0.705188
4038    0.705234
4039    0.705356
4040    0.705555
4041    0.705828
4042    0.706176
4043    0.706598
4044    0.707093
4045     0.70766
4046    0.708298
4047    0.709004
4048    0.709779
4049    0.710619
4050    0.711525
4051    0.712494
4052    0.713524
4053    0.714614
4054    0.715761
4055    0.716964
4056    0.718219
4057    0.719526
4058    0.720882
4059    0.722284
4060    0.723731
4061     0.72522
4062    0.726749
4063    0.728315
4064    0.729916
4065     0.73155
4066    0.733214
4067    0.734905
4068    0.736621
4069    0.738359
4070    0.740118
4071    0.741895
4072    0.743686
4073    0.745491
4074    0.747305
4075    0.749127
4076    0.750955
4077    0.752785
4078    0.754615
4079    0.756443
4080    0.758267
4081    0.760084
4082    0.761892
4083    0.763688
4084    0.765472
4085     0.76724
4086    0.768991
4087    0.770723
4088    0.772433
4089     0.77412
4090    0.775781
4091    0.777415
4092     0.77902
4093    0.780594
4094    0.782134
4095     0.78364
4096     0.78511
4097    0.786543
4098    0.787938
4099    0.789292
4100    0.790606
4101    0.791877
4102    0.793105
4103    0.794288
4104    0.795425
4105    0.796516
4106     0.79756
4107    0.798556
4108    0.799504
4109    0.800402
4110     0.80125
4111    0.802048
4112    0.802796
4113    0.803495
4114    0.804143
4115    0.804741
4116    0.805288
4117    0.805786
4118    0.806234
4119    0.806634
4120    0.806984
4121    0.807285
4122    0.807538
4123    0.807743
4124    0.807901
4125    0.808013
4126     0.80808
4127    0.808102
4128     0.80808
4129    0.808015
4130    0.807909
4131    0.807763
4132    0.807579
4133    0.807357
4134    0.807101
4135    0.806809
4136    0.806485
4137    0.806129
4138    0.805743
4139     0.80533
4140     0.80489
4141    0.804426
4142    0.803939
4143     0.80343
4144    0.802903
4145    0.802359
4146    0.801801
4147    0.801228
4148    0.800645
4149    0.800054
4150    0.799456
4151    0.798855
4152     0.79825
4153    0.797645
4154    0.797042
4155    0.796444
4156    0.795854
4157    0.795274
4158    0.794703
4159    0.794145
4160    0.793602
4161    0.793075
4162    0.792566
4163    0.792079
4164    0.791615
4165    0.791176
4166    0.790765
4167    0.790385
4168    0.790035
4169    0.789718
4170    0.789437
4171    0.789191
4172    0.788983
4173    0.788814
4174    0.788684
4175    0.788596
4176     0.78855
4177    0.788548
4178    0.788591
4179     0.78868
4180    0.788814
4181    0.788996
4182    0.789227
4183    0.789507
4184    0.789838
4185    0.790218
4186    0.790647
4187    0.791128
4188    0.791659
4189    0.792242
4190    0.792876
4191    0.793562
4192    0.794298
4193    0.795087
4194    0.795927
4195    0.796817
4196    0.797757
4197    0.798749
4198    0.799789
4199    0.800878
4200    0.802013
4201    0.803194
4202     0.80442
4203    0.805688
4204    0.806998
4205    0.808349
4206    0.809736
4207     0.81116
4208    0.812616
4209    0.814106
4210    0.815626
4211    0.817173
4212    0.818744
4213    0.820336
4214    0.821948
4215    0.823575
4216    0.825215
4217    0.826864
4218    0.828521
4219    0.830182
4220    0.831844
4221    0.833504
4222    0.835158
4223    0.836804
4224    0.838438
4225    0.840055
4226    0.841654
4227    0.843233
4228    0.844787
4229    0.846314
4230    0.847811
4231    0.849276
4232    0.850706
4233    0.852098
4234    0.853452
4235    0.854763
4236    0.856033
4237    0.857258
4238    0.858438
4239    0.859571
4240    0.860658
4241    0.861697
4242    0.862686
4243    0.863627
4244    0.864518
4245     0.86536
4246    0.866155
4247    0.866902
4248    0.867601
4249    0.868254
4250     0.86886
4251     0.86942
4252    0.869937
4253    0.870411
4254    0.870844
4255    0.871238
4256    0.871594
4257    0.871914
4258      0.8722
4259    0.872455
4260    0.872678
4261    0.872873
4262     0.87304
4263    0.873183
4264    0.873302
4265    0.873399
4266    0.873478
4267     0.87354
4268    0.873587
4269    0.873618
4270    0.873635
4271    0.873639
4272    0.873632
4273    0.873614
4274    0.873585
4275    0.873546
4276    0.873497
4277    0.873439
4278    0.873372
4279    0.873295
4280    0.873209
4281    0.873112
4282    0.873004
4283    0.872884
4284    0.872753
4285    0.872608
4286    0.872449
4287    0.872275
4288    0.872085
4289    0.871876
4290    0.871649
4291    0.871402
4292    0.871133
4293    0.870842
4294    0.870527
4295    0.870186
4296    0.869817
4297    0.869421
4298    0.868994
4299    0.868538
4300    0.868048
4301    0.867525
4302    0.866968
4303    0.866376
4304    0.865749
4305    0.865085
4306    0.864384
4307    0.863646
4308    0.862871
4309     0.86206
4310    0.861213
4311     0.86033
4312    0.859412
4313    0.858459
4314    0.857472
4315    0.856452
4316    0.855399
4317    0.854315
4318    0.853202
4319     0.85206
4320    0.850893
4321      0.8497
4322    0.848485
4323     0.84725
4324    0.845998
4325    0.844732
4326    0.843454
4327    0.842166
4328    0.840869
4329    0.839568
4330    0.838264
4331     0.83696
4332    0.835659
4333    0.834365
4334    0.833079
4335    0.831805
4336    0.830544
4337    0.829299
4338    0.828072
4339    0.826865
4340     0.82568
4341     0.82452
4342    0.823387
4343    0.822281
4344    0.821206
4345    0.820162
4346    0.819151
4347    0.818175
4348    0.817234
4349     0.81633
4350    0.815463
4351    0.814635
4352    0.813847
4353    0.813098
4354    0.812388
4355    0.811718
4356    0.811088
4357    0.810498
4358    0.809948
4359     0.80944
4360     0.80897
4361    0.808539
4362    0.808146
4363    0.807789
4364    0.807469
4365    0.807183
4366    0.806932
4367    0.806714
4368    0.806527
4369     0.80637
4370    0.806242
4371    0.806143
4372     0.80607
4373    0.806023
4374    0.806001
4375    0.806002
4376    0.806025
4377    0.806069
4378    0.806132
4379    0.806212
4380    0.806309
4381    0.806421
4382    0.806546
4383    0.806684
4384    0.806833
4385    0.806992
4386    0.807159
4387    0.807333
4388    0.807514
4389    0.807699
4390    0.807889
4391    0.808082
4392    0.808274
4393    0.808467
4394     0.80866
4395    0.808853
4396    0.809043
4397    0.809228
4398    0.809409
4399    0.809584
4400    0.809753
4401    0.809914
4402    0.810067
4403    0.810211
4404    0.810346
4405    0.810472
4406    0.810588
4407    0.810693
4408    0.810787
4409     0.81087
4410    0.810941
4411       0.811
4412    0.811047
4413     0.81108
4414    0.811102
4415     0.81111
4416    0.811108
4417    0.811094
4418     0.81107
4419    0.811036
4420    0.810991
4421    0.810936
4422    0.810873
4423      0.8108
4424    0.810717
4425    0.810627
4426    0.810528
4427    0.810423
4428    0.810312
4429    0.810196
4430    0.810074
4431    0.809948
4432     0.80982
4433    0.809689
4434    0.809557
4435    0.809425
4436    0.809291
4437    0.809156
4438     0.80902
4439    0.808884
4440    0.808749
4441    0.808612
4442    0.808475
4443    0.808337
4444      0.8082
4445    0.808062
4446    0.807923
4447    0.807782
4448    0.807639
4449    0.807494
4450    0.807345
4451    0.807193
4452    0.807037
4453    0.806875
4454    0.806706
4455    0.806531
4456    0.806348
4457    0.806155
4458    0.805951
4459    0.805733
4460    0.805501
4461    0.805254
4462    0.804989
4463    0.804707
4464    0.804404
4465    0.804081
4466    0.803735
4467    0.803366
4468    0.802971
4469     0.80255
4470    0.802101
4471    0.801624
4472    0.801117
4473    0.800578
4474    0.800007
4475    0.799403
4476    0.798766
4477    0.798096
4478    0.797391
4479    0.796653
4480     0.79588
4481    0.795072
4482    0.794227
4483    0.793345
4484    0.792427
4485    0.791473
4486    0.790483
4487    0.789458
4488    0.788397
4489    0.787302
4490    0.786174
4491    0.785014
4492    0.783824
4493    0.782605
4494    0.781357
4495    0.780081
4496    0.778779
4497    0.777453
4498    0.776104
4499    0.774734
