0     1.54868
1     1.54853
2     1.54808
3     1.54734
4      1.5463
5     1.54496
6     1.54332
7     1.54139
8     1.53917
9     1.53665
10     1.53384
11     1.53073
12     1.52734
13     1.52366
14     1.51969
15     1.51543
16     1.51089
17     1.50607
18     1.50097
19     1.49558
20     1.48992
21     1.48397
22     1.47775
23     1.47125
24     1.46447
25     1.45741
26     1.45008
27     1.44247
28     1.43459
29     1.42644
30     1.41801
31     1.40932
32     1.40036
33     1.39114
34     1.38165
35      1.3719
36      1.3619
37     1.35164
38     1.34113
39     1.33037
40     1.31937
41     1.30814
42     1.29666
43     1.28496
44     1.27303
45     1.26088
46     1.24851
47     1.23594
48     1.22316
49     1.21018
50     1.19701
51     1.18366
52     1.17014
53     1.15644
54     1.14259
55     1.12858
56     1.11443
57     1.10014
58     1.08573
59     1.07121
60     1.05658
61     1.04186
62     1.02705
63     1.01217
64     0.99723
65    0.982241
66    0.967216
67    0.952166
68    0.937104
69    0.922043
70    0.906997
71    0.891977
72    0.876997
73    0.862072
74    0.847215
75    0.832438
76    0.817757
77    0.803183
78    0.788733
79    0.774419
80    0.760255
81    0.746255
82    0.732431
83    0.718797
84    0.705366
85     0.69215
86    0.679161
87    0.666412
88    0.653914
89    0.641678
90    0.629715
91    0.618035
92    0.606649
93    0.595565
94    0.584792
95    0.574339
96    0.564213
97    0.554421
98    0.544968
99    0.535861
100    0.527106
101    0.518706
102    0.510664
103    0.502985
104     0.49567
105    0.488721
106    0.482139
107    0.475924
108    0.470077
109    0.464597
110    0.459481
111    0.454728
112    0.450336
113    0.446301
114     0.44262
115    0.439289
116    0.436303
117    0.433657
118    0.431344
119    0.429359
120    0.427696
121    0.426348
122    0.425308
123    0.424568
124    0.424121
125     0.42396
126    0.424075
127    0.424458
128    0.425102
129    0.425997
130    0.427135
131    0.428507
132    0.430103
133    0.431915
134    0.433935
135    0.436152
136    0.438558
137    0.441143
138    0.443899
139    0.446817
140    0.449889
141    0.453105
142    0.456457
143    0.459937
144    0.463536
145    0.467247
146    0.471061
147    0.474969
148    0.478965
149     0.48304
150    0.487187
151    0.491401
152    0.495672
153    0.499995
154    0.504364
155     0.50877
156    0.513209
157    0.517675
158    0.522162
159    0.526664
160    0.531177
161    0.535694
162    0.540211
163    0.544724
164    0.549227
165    0.553717
166     0.55819
167    0.562641
168    0.567068
169    0.571467
170    0.575834
171    0.580166
172     0.58446
173    0.588713
174    0.592923
175    0.597086
176      0.6012
177    0.605263
178    0.609273
179    0.613228
180    0.617126
181    0.620964
182    0.624743
183    0.628458
184     0.63211
185    0.635696
186    0.639215
187    0.642665
188    0.646044
189    0.649354
190    0.652591
191    0.655755
192    0.658844
193    0.661858
194    0.664794
195    0.667652
196    0.670431
197    0.673129
198    0.675745
199     0.67828
200     0.68073
201    0.683098
202    0.685381
203    0.687578
204    0.689689
205    0.691713
206     0.69365
207      0.6955
208     0.69726
209    0.698932
210    0.700515
211    0.702008
212     0.70341
213    0.704722
214    0.705943
215    0.707074
216    0.708114
217    0.709063
218    0.709923
219    0.710693
220    0.711375
221     0.71197
222    0.712476
223    0.712896
224     0.71323
225    0.713479
226    0.713645
227    0.713727
228    0.713728
229     0.71365
230    0.713494
231    0.713262
232    0.712955
233    0.712577
234     0.71213
235    0.711616
236    0.711038
237    0.710397
238    0.709698
239    0.708942
240    0.708134
241    0.707276
242     0.70637
243     0.70542
244     0.70443
245    0.703404
246    0.702345
247    0.701258
248    0.700146
249    0.699012
250    0.697859
251    0.696692
252    0.695513
253    0.694328
254    0.693138
255    0.691949
256    0.690766
257    0.689591
258    0.688427
259    0.687279
260    0.686148
261    0.685039
262    0.683956
263    0.682901
264    0.681878
265     0.68089
266     0.67994
267    0.679031
268    0.678164
269    0.677344
270    0.676571
271    0.675849
272     0.67518
273    0.674565
274    0.674007
275    0.673507
276    0.673068
277    0.672691
278    0.672376
279    0.672125
280    0.671937
281    0.671815
282    0.671758
283    0.671767
284    0.671842
285    0.671983
286    0.672191
287    0.672465
288    0.672806
289    0.673213
290    0.673686
291    0.674224
292    0.674826
293    0.675494
294    0.676225
295    0.677018
296    0.677872
297    0.678787
298     0.67976
299    0.680789
300    0.681874
301    0.683013
302    0.684204
303    0.685445
304    0.686736
305    0.688075
306     0.68946
307    0.690887
308    0.692357
309    0.693865
310    0.695411
311    0.696993
312    0.698609
313    0.700258
314    0.701936
315    0.703641
316    0.705372
317    0.707124
318    0.708897
319    0.710688
320    0.712494
321    0.714313
322    0.716142
323     0.71798
324    0.719823
325     0.72167
326    0.723517
327    0.725363
328    0.727203
329    0.729038
330    0.730862
331    0.732675
332    0.734473
333    0.736254
334    0.738017
335    0.739756
336    0.741471
337    0.743157
338    0.744812
339    0.746434
340    0.748021
341    0.749569
342    0.751077
343    0.752544
344    0.753967
345    0.755342
346    0.756669
347    0.757944
348    0.759166
349    0.760333
350    0.761445
351    0.762498
352    0.763494
353     0.76443
354    0.765308
355    0.766125
356     0.76688
357    0.767574
358    0.768206
359    0.768778
360    0.769289
361    0.769741
362    0.770135
363    0.770473
364    0.770757
365    0.770986
366    0.771164
367    0.771293
368    0.771375
369    0.771414
370    0.771412
371    0.771374
372    0.771303
373    0.771201
374    0.771073
375    0.770924
376    0.770757
377    0.770577
378    0.770389
379    0.770196
380    0.770005
381    0.769819
382    0.769643
383    0.769482
384    0.769341
385    0.769224
386    0.769137
387    0.769083
388    0.769068
389    0.769095
390    0.769168
391    0.769292
392    0.769469
393    0.769703
394    0.769997
395    0.770354
396    0.770775
397    0.771262
398    0.771816
399    0.772439
400    0.773132
401    0.773895
402    0.774729
403    0.775632
404    0.776603
405    0.777641
406    0.778744
407    0.779911
408     0.78114
409    0.782429
410    0.783774
411    0.785173
412    0.786621
413    0.788115
414    0.789652
415    0.791229
416    0.792842
417    0.794487
418     0.79616
419    0.797857
420    0.799573
421    0.801305
422    0.803048
423      0.8048
424    0.806556
425    0.808313
426    0.810066
427    0.811814
428    0.813551
429    0.815276
430    0.816985
431    0.818675
432    0.820344
433    0.821988
434    0.823606
435    0.825195
436    0.826756
437    0.828283
438    0.829777
439    0.831233
440    0.832652
441    0.834033
442    0.835373
443    0.836671
444    0.837927
445     0.83914
446    0.840309
447    0.841433
448    0.842513
449    0.843547
450    0.844535
451    0.845475
452    0.846367
453    0.847212
454    0.848008
455    0.848758
456    0.849459
457    0.850111
458    0.850715
459    0.851269
460    0.851775
461    0.852233
462    0.852643
463    0.853004
464    0.853317
465     0.85358
466    0.853794
467     0.85396
468    0.854077
469    0.854145
470    0.854166
471    0.854138
472    0.854063
473    0.853942
474    0.853773
475    0.853558
476    0.853297
477    0.852989
478    0.852635
479    0.852237
480    0.851793
481    0.851305
482    0.850775
483    0.850202
484    0.849586
485    0.848929
486    0.848233
487    0.847498
488    0.846727
489    0.845918
490    0.845075
491    0.844199
492    0.843292
493    0.842356
494    0.841392
495    0.840403
496     0.83939
497    0.838356
498    0.837303
499    0.836234
500     0.83515
501    0.834055
502    0.832949
503    0.831837
504    0.830721
505    0.829604
506     0.82849
507    0.827381
508    0.826281
509    0.825191
510    0.824116
511    0.823058
512     0.82202
513    0.821006
514    0.820019
515     0.81906
516    0.818135
517    0.817244
518    0.816393
519    0.815584
520    0.814818
521    0.814099
522    0.813429
523     0.81281
524    0.812245
525    0.811735
526    0.811283
527     0.81089
528    0.810561
529    0.810294
530    0.810093
531    0.809958
532     0.80989
533     0.80989
534    0.809959
535    0.810098
536    0.810307
537    0.810587
538    0.810937
539    0.811357
540    0.811847
541    0.812407
542    0.813036
543    0.813733
544    0.814497
545    0.815327
546    0.816223
547    0.817182
548    0.818202
549    0.819281
550    0.820419
551    0.821613
552    0.822862
553    0.824163
554    0.825514
555    0.826913
556    0.828356
557    0.829841
558    0.831366
559    0.832929
560    0.834526
561    0.836154
562    0.837811
563    0.839493
564    0.841199
565    0.842926
566    0.844669
567    0.846428
568    0.848201
569    0.849983
570    0.851773
571    0.853568
572    0.855364
573     0.85716
574    0.858954
575    0.860744
576    0.862525
577    0.864297
578    0.866056
579    0.867804
580    0.869536
581    0.871252
582    0.872951
583    0.874629
584    0.876285
585    0.877917
586    0.879523
587    0.881104
588    0.882657
589    0.884182
590    0.885678
591    0.887145
592     0.88858
593    0.889983
594    0.891353
595    0.892691
596    0.893994
597    0.895262
598    0.896495
599    0.897693
600    0.898855
601    0.899982
602    0.901074
603     0.90213
604     0.90315
605    0.904134
606    0.905082
607    0.905995
608    0.906873
609    0.907717
610    0.908527
611    0.909301
612     0.91004
613    0.910744
614    0.911414
615     0.91205
616    0.912654
617    0.913224
618     0.91376
619    0.914263
620    0.914733
621     0.91517
622    0.915573
623    0.915944
624    0.916281
625    0.916585
626    0.916856
627    0.917094
628      0.9173
629    0.917473
630    0.917614
631    0.917722
632    0.917797
633     0.91784
634    0.917849
635    0.917826
636     0.91777
637    0.917681
638    0.917558
639    0.917403
640    0.917215
641    0.916995
642    0.916741
643    0.916454
644    0.916132
645    0.915776
646    0.915386
647    0.914962
648    0.914502
649    0.914007
650    0.913477
651    0.912911
652     0.91231
653    0.911674
654    0.911002
655    0.910295
656    0.909552
657    0.908773
658    0.907959
659    0.907109
660    0.906223
661    0.905301
662    0.904344
663     0.90335
664    0.902322
665     0.90126
666    0.900163
667    0.899033
668    0.897871
669    0.896677
670    0.895451
671    0.894194
672    0.892908
673    0.891594
674    0.890253
675    0.888887
676    0.887496
677    0.886082
678    0.884647
679    0.883191
680    0.881715
681    0.880222
682    0.878713
683     0.87719
684    0.875655
685    0.874111
686    0.872557
687    0.870998
688    0.869435
689    0.867869
690    0.866304
691     0.86474
692     0.86318
693    0.861625
694    0.860077
695    0.858538
696     0.85701
697    0.855495
698    0.853994
699    0.852509
700    0.851042
701    0.849593
702    0.848164
703    0.846756
704    0.845369
705    0.844005
706    0.842664
707    0.841348
708    0.840057
709    0.838792
710    0.837553
711     0.83634
712    0.835152
713    0.833989
714     0.83285
715    0.831736
716    0.830645
717    0.829577
718    0.828532
719    0.827509
720    0.826506
721    0.825524
722     0.82456
723    0.823613
724    0.822683
725    0.821769
726    0.820867
727    0.819977
728    0.819097
729    0.818226
730    0.817363
731    0.816504
732    0.815649
733    0.814796
734    0.813942
735    0.813088
736     0.81223
737    0.811368
738      0.8105
739    0.809626
740    0.808744
741    0.807851
742    0.806946
743    0.806029
744    0.805098
745    0.804152
746    0.803188
747    0.802209
748    0.801212
749    0.800196
750     0.79916
751    0.798104
752    0.797027
753     0.79593
754    0.794812
755    0.793672
756    0.792509
757    0.791324
758    0.790118
759     0.78889
760     0.78764
761    0.786368
762    0.785075
763     0.78376
764    0.782424
765    0.781067
766     0.77969
767    0.778294
768    0.776879
769    0.775446
770    0.773996
771    0.772531
772     0.77105
773    0.769556
774     0.76805
775    0.766534
776    0.765008
777    0.763475
778    0.761936
779    0.760393
780    0.758847
781    0.757299
782    0.755751
783    0.754206
784    0.752665
785    0.751129
786    0.749601
787    0.748082
788    0.746574
789    0.745079
790    0.743599
791    0.742136
792    0.740693
793     0.73927
794     0.73787
795    0.736493
796    0.735144
797    0.733823
798    0.732533
799    0.731276
800    0.730053
801    0.728867
802    0.727719
803     0.72661
804    0.725543
805    0.724518
806    0.723539
807    0.722605
808    0.721721
809    0.720886
810    0.720102
811    0.719371
812    0.718694
813    0.718074
814    0.717511
815    0.717007
816    0.716563
817    0.716179
818    0.715857
819    0.715597
820      0.7154
821    0.715268
822    0.715202
823      0.7152
824    0.715263
825    0.715392
826    0.715586
827    0.715846
828    0.716172
829    0.716564
830    0.717021
831    0.717544
832    0.718133
833    0.718786
834    0.719505
835    0.720285
836    0.721128
837    0.722031
838    0.722995
839     0.72402
840    0.725101
841    0.726237
842    0.727428
843    0.728669
844     0.72996
845    0.731298
846     0.73268
847    0.734106
848    0.735573
849    0.737078
850    0.738618
851     0.74019
852     0.74179
853    0.743417
854    0.745069
855    0.746743
856    0.748435
857    0.750143
858    0.751862
859    0.753589
860    0.755322
861    0.757058
862    0.758793
863    0.760526
864    0.762253
865    0.763972
866     0.76568
867    0.767374
868    0.769052
869    0.770711
870    0.772349
871    0.773965
872    0.775557
873    0.777123
874     0.77866
875    0.780168
876    0.781645
877    0.783089
878    0.784499
879    0.785873
880     0.78721
881    0.788511
882    0.789772
883    0.790995
884    0.792177
885    0.793318
886    0.794419
887    0.795479
888    0.796497
889    0.797472
890    0.798404
891    0.799293
892     0.80014
893    0.800944
894    0.801706
895    0.802424
896    0.803099
897    0.803733
898    0.804325
899    0.804875
900    0.805384
901    0.805852
902     0.80628
903    0.806668
904    0.807015
905    0.807323
906    0.807591
907    0.807822
908    0.808014
909     0.80817
910    0.808289
911    0.808373
912    0.808422
913    0.808438
914     0.80842
915     0.80837
916    0.808289
917    0.808178
918    0.808037
919    0.807869
920    0.807674
921    0.807452
922    0.807205
923    0.806933
924    0.806639
925    0.806323
926    0.805987
927    0.805631
928    0.805257
929    0.804866
930     0.80446
931    0.804039
932    0.803605
933    0.803158
934      0.8027
935    0.802232
936    0.801755
937    0.801271
938    0.800782
939    0.800288
940    0.799789
941    0.799287
942    0.798784
943     0.79828
944    0.797776
945    0.797272
946    0.796771
947    0.796273
948    0.795779
949    0.795289
950    0.794804
951    0.794326
952    0.793854
953    0.793389
954    0.792931
955    0.792482
956    0.792039
957    0.791604
958    0.791176
959    0.790756
960    0.790344
961     0.78994
962    0.789545
963    0.789159
964    0.788781
965    0.788411
966    0.788048
967    0.787693
968    0.787345
969    0.787005
970    0.786672
971    0.786346
972    0.786027
973    0.785714
974    0.785408
975    0.785107
976    0.784811
977     0.78452
978    0.784234
979    0.783952
980    0.783675
981    0.783402
982    0.783133
983    0.782868
984    0.782607
985    0.782351
986    0.782098
987     0.78185
988    0.781607
989    0.781367
990    0.781133
991    0.780902
992    0.780676
993    0.780455
994     0.78024
995     0.78003
996    0.779827
997    0.779631
998    0.779442
999    0.779261
1000    0.779088
1001    0.778923
1002    0.778768
1003    0.778622
1004    0.778487
1005    0.778363
1006     0.77825
1007    0.778151
1008    0.778065
1009    0.777992
1010    0.777936
1011    0.777896
1012    0.777872
1013    0.777866
1014    0.777878
1015    0.777909
1016    0.777961
1017    0.778034
1018    0.778128
1019    0.778248
1020    0.778392
1021    0.778561
1022    0.778755
1023    0.778975
1024    0.779221
1025    0.779495
1026    0.779798
1027     0.78013
1028    0.780491
1029    0.780882
1030    0.781302
1031    0.781751
1032    0.782229
1033    0.782737
1034    0.783273
1035    0.783837
1036    0.784428
1037    0.785046
1038    0.785691
1039    0.786361
1040    0.787056
1041    0.787774
1042    0.788515
1043    0.789276
1044    0.790057
1045    0.790855
1046    0.791668
1047    0.792496
1048    0.793337
1049    0.794188
1050    0.795046
1051    0.795909
1052    0.796778
1053    0.797648
1054    0.798518
1055    0.799386
1056    0.800248
1057    0.801101
1058    0.801945
1059    0.802777
1060    0.803595
1061    0.804395
1062    0.805176
1063    0.805936
1064    0.806673
1065    0.807385
1066     0.80807
1067    0.808726
1068    0.809351
1069    0.809942
1070    0.810498
1071    0.811017
1072    0.811498
1073    0.811939
1074     0.81234
1075    0.812698
1076    0.813014
1077    0.813285
1078     0.81351
1079    0.813688
1080    0.813819
1081      0.8139
1082    0.813933
1083    0.813917
1084    0.813852
1085    0.813737
1086    0.813572
1087    0.813355
1088    0.813087
1089    0.812768
1090    0.812399
1091    0.811979
1092    0.811509
1093    0.810987
1094    0.810416
1095    0.809794
1096    0.809124
1097    0.808405
1098    0.807639
1099    0.806829
1100    0.805974
1101    0.805074
1102    0.804131
1103    0.803146
1104     0.80212
1105    0.801055
1106    0.799952
1107    0.798813
1108    0.797639
1109    0.796433
1110    0.795194
1111    0.793927
1112    0.792632
1113    0.791313
1114    0.789972
1115     0.78861
1116     0.78723
1117    0.785834
1118    0.784424
1119    0.783003
1120    0.781573
1121    0.780136
1122    0.778696
1123    0.777254
1124    0.775814
1125    0.774379
1126    0.772951
1127    0.771534
1128     0.77013
1129    0.768742
1130    0.767374
1131    0.766029
1132    0.764708
1133    0.763416
1134    0.762154
1135    0.760925
1136    0.759733
1137     0.75858
1138     0.75747
1139    0.756406
1140    0.755389
1141    0.754421
1142    0.753507
1143    0.752647
1144    0.751844
1145    0.751102
1146    0.750421
1147    0.749803
1148    0.749251
1149    0.748766
1150    0.748352
1151    0.748009
1152    0.747739
1153    0.747543
1154    0.747421
1155    0.747377
1156    0.747408
1157    0.747517
1158    0.747704
1159     0.74797
1160    0.748314
1161    0.748736
1162    0.749238
1163    0.749819
1164    0.750478
1165    0.751215
1166    0.752029
1167    0.752919
1168    0.753884
1169    0.754924
1170    0.756036
1171    0.757221
1172    0.758476
1173    0.759799
1174     0.76119
1175    0.762645
1176    0.764164
1177    0.765744
1178    0.767382
1179    0.769076
1180    0.770824
1181    0.772621
1182    0.774466
1183    0.776358
1184    0.778292
1185    0.780265
1186    0.782276
1187    0.784321
1188    0.786397
1189    0.788502
1190    0.790632
1191    0.792785
1192    0.794957
1193    0.797144
1194    0.799344
1195    0.801552
1196    0.803766
1197    0.805984
1198    0.808202
1199    0.810417
1200    0.812626
1201    0.814825
1202    0.817013
1203    0.819185
1204     0.82134
1205    0.823475
1206    0.825586
1207    0.827671
1208    0.829727
1209    0.831752
1210    0.833743
1211    0.835696
1212    0.837609
1213    0.839481
1214    0.841308
1215     0.84309
1216    0.844823
1217    0.846506
1218    0.848138
1219    0.849715
1220    0.851237
1221    0.852703
1222    0.854111
1223    0.855459
1224    0.856746
1225    0.857971
1226    0.859132
1227     0.86023
1228    0.861263
1229    0.862232
1230    0.863137
1231    0.863977
1232    0.864753
1233    0.865466
1234    0.866112
1235    0.866694
1236    0.867211
1237    0.867666
1238    0.868059
1239    0.868389
1240    0.868659
1241    0.868869
1242    0.869021
1243    0.869117
1244    0.869158
1245    0.869148
1246    0.869086
1247    0.868976
1248    0.868819
1249    0.868619
1250    0.868376
1251    0.868095
1252    0.867779
1253    0.867428
1254    0.867047
1255    0.866638
1256    0.866202
1257    0.865743
1258    0.865264
1259    0.864768
1260    0.864257
1261    0.863736
1262    0.863208
1263    0.862676
1264    0.862141
1265    0.861607
1266    0.861079
1267    0.860556
1268    0.860042
1269    0.859542
1270    0.859056
1271    0.858586
1272    0.858135
1273    0.857705
1274    0.857298
1275    0.856917
1276    0.856566
1277    0.856245
1278    0.855955
1279    0.855698
1280    0.855478
1281    0.855295
1282     0.85515
1283    0.855045
1284    0.854981
1285    0.854957
1286    0.854976
1287    0.855038
1288    0.855143
1289    0.855291
1290    0.855484
1291     0.85572
1292    0.856002
1293    0.856327
1294    0.856695
1295    0.857106
1296     0.85756
1297    0.858055
1298    0.858592
1299    0.859171
1300    0.859791
1301    0.860448
1302    0.861142
1303    0.861872
1304    0.862634
1305    0.863427
1306     0.86425
1307      0.8651
1308    0.865974
1309    0.866871
1310    0.867791
1311    0.868728
1312    0.869681
1313    0.870647
1314    0.871622
1315    0.872606
1316    0.873594
1317    0.874583
1318    0.875572
1319    0.876558
1320    0.877539
1321    0.878511
1322    0.879472
1323    0.880417
1324    0.881346
1325    0.882254
1326    0.883141
1327    0.884002
1328    0.884835
1329    0.885639
1330    0.886411
1331    0.887147
1332    0.887846
1333    0.888506
1334    0.889125
1335    0.889701
1336    0.890233
1337    0.890718
1338    0.891154
1339     0.89154
1340    0.891873
1341    0.892154
1342    0.892381
1343    0.892552
1344    0.892667
1345    0.892724
1346    0.892723
1347    0.892662
1348    0.892542
1349     0.89236
1350    0.892118
1351    0.891815
1352    0.891451
1353    0.891025
1354    0.890537
1355    0.889986
1356    0.889373
1357    0.888698
1358     0.88796
1359    0.887161
1360      0.8863
1361    0.885378
1362    0.884398
1363    0.883359
1364    0.882261
1365    0.881105
1366    0.879892
1367    0.878622
1368    0.877298
1369     0.87592
1370    0.874489
1371    0.873006
1372    0.871471
1373    0.869887
1374    0.868253
1375    0.866571
1376    0.864842
1377    0.863068
1378     0.86125
1379     0.85939
1380    0.857489
1381    0.855547
1382    0.853568
1383    0.851552
1384    0.849502
1385    0.847419
1386    0.845304
1387    0.843159
1388    0.840985
1389    0.838784
1390    0.836557
1391    0.834306
1392    0.832032
1393    0.829737
1394    0.827422
1395    0.825089
1396    0.822739
1397    0.820376
1398    0.818001
1399    0.815613
1400    0.813216
1401     0.81081
1402    0.808398
1403    0.805982
1404    0.803563
1405    0.801142
1406     0.79872
1407    0.796299
1408    0.793881
1409    0.791467
1410    0.789059
1411    0.786659
1412    0.784268
1413    0.781887
1414    0.779519
1415    0.777165
1416    0.774827
1417    0.772506
1418    0.770203
1419     0.76792
1420    0.765659
1421    0.763423
1422    0.761212
1423    0.759027
1424    0.756871
1425    0.754746
1426    0.752651
1427    0.750589
1428    0.748561
1429    0.746568
1430    0.744612
1431    0.742695
1432     0.74082
1433    0.738986
1434    0.737194
1435    0.735448
1436    0.733749
1437    0.732097
1438    0.730494
1439    0.728942
1440    0.727442
1441    0.725995
1442    0.724601
1443    0.723262
1444    0.721979
1445    0.720755
1446    0.719591
1447    0.718485
1448     0.71744
1449    0.716457
1450    0.715536
1451    0.714679
1452    0.713885
1453    0.713156
1454    0.712492
1455    0.711893
1456     0.71136
1457    0.710893
1458    0.710492
1459    0.710158
1460     0.70989
1461    0.709689
1462    0.709553
1463    0.709483
1464    0.709479
1465    0.709541
1466    0.709667
1467    0.709859
1468    0.710114
1469    0.710432
1470    0.710812
1471    0.711254
1472    0.711756
1473    0.712317
1474    0.712937
1475    0.713615
1476     0.71435
1477    0.715142
1478    0.715988
1479    0.716887
1480    0.717838
1481    0.718839
1482     0.71989
1483    0.720987
1484    0.722131
1485     0.72332
1486    0.724553
1487    0.725827
1488    0.727142
1489    0.728495
1490    0.729887
1491    0.731314
1492    0.732775
1493    0.734271
1494    0.735798
1495    0.737357
1496    0.738946
1497    0.740564
1498     0.74221
1499    0.743881
1500    0.745576
1501    0.747295
1502    0.749036
1503    0.750797
1504    0.752579
1505     0.75438
1506    0.756198
1507    0.758033
1508    0.759882
1509    0.761746
1510    0.763623
1511    0.765513
1512    0.767413
1513    0.769325
1514    0.771244
1515     0.77317
1516    0.775102
1517    0.777038
1518    0.778976
1519    0.780917
1520    0.782858
1521    0.784798
1522    0.786737
1523    0.788673
1524    0.790605
1525     0.79253
1526    0.794447
1527    0.796355
1528    0.798252
1529    0.800136
1530    0.802005
1531    0.803858
1532    0.805693
1533    0.807508
1534    0.809303
1535    0.811075
1536    0.812824
1537    0.814546
1538     0.81624
1539    0.817905
1540    0.819539
1541    0.821141
1542    0.822708
1543    0.824241
1544    0.825737
1545    0.827195
1546    0.828614
1547    0.829993
1548     0.83133
1549    0.832623
1550    0.833872
1551    0.835075
1552    0.836231
1553     0.83734
1554    0.838401
1555    0.839414
1556    0.840375
1557    0.841285
1558    0.842142
1559    0.842946
1560    0.843697
1561    0.844394
1562    0.845035
1563    0.845622
1564    0.846153
1565    0.846627
1566    0.847046
1567     0.84741
1568    0.847717
1569    0.847968
1570    0.848162
1571    0.848301
1572    0.848383
1573     0.84841
1574    0.848381
1575    0.848298
1576    0.848161
1577    0.847971
1578    0.847726
1579    0.847429
1580    0.847079
1581    0.846677
1582    0.846224
1583    0.845722
1584     0.84517
1585    0.844571
1586    0.843926
1587    0.843235
1588    0.842498
1589    0.841717
1590    0.840893
1591    0.840028
1592    0.839123
1593     0.83818
1594      0.8372
1595    0.836186
1596    0.835139
1597    0.834059
1598    0.832948
1599    0.831807
1600    0.830638
1601    0.829442
1602    0.828221
1603    0.826977
1604    0.825712
1605    0.824426
1606    0.823123
1607    0.821804
1608    0.820471
1609    0.819127
1610    0.817773
1611    0.816411
1612    0.815044
1613    0.813673
1614    0.812302
1615    0.810932
1616    0.809564
1617    0.808201
1618    0.806846
1619    0.805499
1620    0.804161
1621    0.802834
1622     0.80152
1623    0.800221
1624    0.798938
1625    0.797673
1626    0.796428
1627    0.795204
1628    0.794005
1629     0.79283
1630    0.791682
1631    0.790562
1632    0.789473
1633    0.788416
1634    0.787393
1635    0.786404
1636    0.785452
1637    0.784538
1638    0.783664
1639    0.782832
1640    0.782042
1641    0.781296
1642    0.780594
1643    0.779939
1644    0.779332
1645    0.778774
1646    0.778264
1647    0.777805
1648    0.777398
1649    0.777043
1650    0.776742
1651    0.776494
1652      0.7763
1653    0.776162
1654    0.776079
1655    0.776051
1656    0.776079
1657    0.776163
1658    0.776302
1659    0.776498
1660     0.77675
1661    0.777056
1662    0.777417
1663    0.777832
1664      0.7783
1665    0.778821
1666    0.779393
1667    0.780015
1668    0.780686
1669    0.781405
1670     0.78217
1671     0.78298
1672    0.783833
1673    0.784727
1674    0.785661
1675    0.786633
1676    0.787641
1677    0.788682
1678    0.789755
1679    0.790857
1680    0.791986
1681    0.793138
1682    0.794313
1683    0.795507
1684    0.796718
1685    0.797943
1686    0.799181
1687    0.800427
1688    0.801681
1689    0.802938
1690    0.804198
1691    0.805457
1692    0.806713
1693    0.807964
1694    0.809207
1695     0.81044
1696    0.811661
1697    0.812869
1698     0.81406
1699    0.815233
1700    0.816385
1701    0.817514
1702     0.81862
1703      0.8197
1704    0.820752
1705    0.821775
1706    0.822767
1707    0.823729
1708    0.824657
1709    0.825552
1710    0.826414
1711     0.82724
1712     0.82803
1713    0.828783
1714    0.829498
1715    0.830176
1716    0.830815
1717    0.831416
1718    0.831978
1719    0.832501
1720    0.832986
1721    0.833434
1722    0.833843
1723    0.834214
1724    0.834548
1725    0.834847
1726    0.835109
1727    0.835337
1728    0.835533
1729    0.835694
1730    0.835822
1731     0.83592
1732    0.835987
1733    0.836026
1734    0.836037
1735     0.83602
1736    0.835979
1737    0.835914
1738    0.835826
1739    0.835716
1740    0.835585
1741    0.835435
1742    0.835267
1743    0.835083
1744    0.834883
1745    0.834668
1746     0.83444
1747      0.8342
1748    0.833949
1749    0.833688
1750    0.833418
1751     0.83314
1752    0.832855
1753    0.832565
1754    0.832271
1755    0.831972
1756     0.83167
1757    0.831365
1758    0.831058
1759    0.830751
1760    0.830442
1761    0.830133
1762    0.829823
1763    0.829514
1764    0.829206
1765      0.8289
1766    0.828595
1767    0.828293
1768    0.827994
1769    0.827699
1770    0.827406
1771    0.827116
1772    0.826828
1773    0.826544
1774    0.826263
1775    0.825984
1776    0.825709
1777    0.825435
1778    0.825165
1779    0.824897
1780    0.824632
1781    0.824369
1782    0.824109
1783     0.82385
1784    0.823593
1785    0.823337
1786    0.823084
1787    0.822832
1788    0.822582
1789    0.822334
1790    0.822087
1791    0.821841
1792    0.821596
1793    0.821351
1794    0.821108
1795    0.820865
1796    0.820621
1797    0.820378
1798    0.820134
1799    0.819891
1800    0.819647
1801    0.819403
1802    0.819158
1803    0.818912
1804    0.818664
1805    0.818415
1806    0.818164
1807    0.817911
1808    0.817655
1809    0.817397
1810    0.817136
1811    0.816873
1812    0.816607
1813    0.816337
1814    0.816063
1815    0.815784
1816    0.815501
1817    0.815212
1818    0.814919
1819     0.81462
1820    0.814316
1821    0.814006
1822    0.813689
1823    0.813365
1824    0.813033
1825    0.812692
1826    0.812342
1827    0.811984
1828    0.811615
1829    0.811237
1830    0.810847
1831    0.810447
1832    0.810035
1833    0.809611
1834    0.809174
1835    0.808724
1836     0.80826
1837    0.807782
1838     0.80729
1839    0.806783
1840    0.806261
1841    0.805723
1842    0.805168
1843    0.804597
1844    0.804009
1845    0.803403
1846    0.802779
1847    0.802136
1848    0.801475
1849    0.800795
1850    0.800097
1851     0.79938
1852    0.798642
1853    0.797886
1854    0.797109
1855    0.796313
1856    0.795497
1857    0.794663
1858    0.793809
1859    0.792936
1860    0.792044
1861    0.791134
1862    0.790204
1863    0.789257
1864    0.788291
1865    0.787308
1866    0.786308
1867    0.785292
1868    0.784262
1869    0.783217
1870    0.782159
1871    0.781089
1872    0.780007
1873    0.778914
1874    0.777812
1875    0.776703
1876    0.775587
1877    0.774465
1878    0.773339
1879    0.772211
1880    0.771083
1881    0.769955
1882     0.76883
1883     0.76771
1884    0.766595
1885    0.765489
1886    0.764394
1887    0.763312
1888    0.762244
1889    0.761191
1890    0.760156
1891     0.75914
1892    0.758145
1893    0.757175
1894    0.756231
1895    0.755316
1896    0.754431
1897    0.753578
1898     0.75276
1899    0.751978
1900    0.751233
1901    0.750529
1902    0.749866
1903    0.749247
1904    0.748673
1905    0.748146
1906    0.747665
1907    0.747234
1908    0.746853
1909    0.746524
1910    0.746249
1911    0.746029
1912    0.745865
1913    0.745756
1914    0.745702
1915    0.745705
1916    0.745764
1917    0.745879
1918     0.74605
1919    0.746277
1920    0.746561
1921      0.7469
1922    0.747294
1923    0.747742
1924    0.748246
1925    0.748804
1926    0.749414
1927    0.750075
1928    0.750786
1929    0.751545
1930    0.752351
1931    0.753203
1932    0.754096
1933    0.755031
1934    0.756005
1935    0.757017
1936    0.758064
1937    0.759143
1938    0.760253
1939    0.761391
1940    0.762554
1941    0.763741
1942    0.764948
1943    0.766173
1944    0.767413
1945    0.768665
1946    0.769927
1947    0.771196
1948     0.77247
1949    0.773746
1950    0.775022
1951    0.776294
1952     0.77756
1953    0.778817
1954    0.780062
1955    0.781292
1956    0.782505
1957    0.783699
1958    0.784871
1959    0.786018
1960    0.787139
1961    0.788231
1962    0.789293
1963    0.790322
1964    0.791318
1965    0.792278
1966    0.793202
1967    0.794087
1968    0.794932
1969    0.795735
1970    0.796495
1971    0.797212
1972    0.797885
1973    0.798514
1974    0.799097
1975    0.799636
1976    0.800129
1977    0.800579
1978    0.800985
1979    0.801347
1980    0.801666
1981    0.801942
1982    0.802178
1983    0.802376
1984    0.802535
1985    0.802659
1986    0.802748
1987    0.802805
1988    0.802832
1989    0.802831
1990    0.802804
1991    0.802753
1992    0.802683
1993    0.802594
1994    0.802489
1995    0.802371
1996    0.802244
1997    0.802109
1998     0.80197
1999     0.80183
2000    0.801694
2001    0.801564
2002    0.801442
2003     0.80133
2004    0.801233
2005    0.801153
2006    0.801093
2007    0.801054
2008     0.80104
2009    0.801053
2010    0.801095
2011    0.801168
2012    0.801275
2013    0.801416
2014    0.801594
2015    0.801811
2016    0.802067
2017    0.802365
2018    0.802705
2019    0.803088
2020    0.803514
2021    0.803984
2022    0.804499
2023     0.80506
2024    0.805666
2025    0.806317
2026    0.807012
2027     0.80775
2028     0.80853
2029    0.809353
2030    0.810217
2031    0.811119
2032    0.812061
2033     0.81304
2034    0.814054
2035      0.8151
2036    0.816178
2037    0.817286
2038    0.818422
2039    0.819583
2040    0.820768
2041    0.821975
2042    0.823201
2043    0.824446
2044    0.825707
2045    0.826981
2046    0.828266
2047     0.82956
2048    0.830861
2049    0.832166
2050    0.833473
2051    0.834779
2052    0.836081
2053    0.837378
2054    0.838668
2055    0.839947
2056    0.841216
2057     0.84247
2058     0.84371
2059    0.844931
2060    0.846133
2061    0.847314
2062    0.848472
2063    0.849607
2064    0.850715
2065    0.851795
2066    0.852845
2067    0.853865
2068    0.854852
2069    0.855806
2070    0.856725
2071    0.857607
2072    0.858452
2073    0.859259
2074    0.860028
2075    0.860758
2076    0.861447
2077    0.862095
2078    0.862702
2079    0.863266
2080    0.863785
2081    0.864259
2082     0.86469
2083    0.865075
2084    0.865414
2085    0.865708
2086    0.865954
2087    0.866153
2088    0.866305
2089    0.866409
2090    0.866466
2091    0.866476
2092    0.866439
2093    0.866354
2094    0.866222
2095    0.866043
2096    0.865818
2097    0.865547
2098     0.86523
2099    0.864867
2100    0.864459
2101    0.864006
2102    0.863506
2103    0.862963
2104    0.862376
2105    0.861746
2106    0.861073
2107    0.860358
2108    0.859601
2109    0.858804
2110    0.857965
2111    0.857086
2112    0.856169
2113    0.855213
2114     0.85422
2115    0.853191
2116    0.852126
2117    0.851027
2118    0.849896
2119    0.848733
2120    0.847539
2121    0.846316
2122    0.845064
2123    0.843787
2124    0.842483
2125    0.841156
2126    0.839805
2127    0.838432
2128    0.837039
2129    0.835628
2130    0.834201
2131     0.83276
2132    0.831306
2133    0.829842
2134    0.828369
2135    0.826891
2136     0.82541
2137    0.823926
2138    0.822441
2139    0.820959
2140     0.81948
2141    0.818008
2142    0.816546
2143    0.815096
2144    0.813661
2145    0.812243
2146    0.810843
2147    0.809466
2148    0.808113
2149    0.806787
2150    0.805492
2151    0.804228
2152    0.802998
2153    0.801805
2154    0.800651
2155    0.799538
2156     0.79847
2157    0.797447
2158    0.796473
2159    0.795548
2160    0.794676
2161    0.793859
2162    0.793097
2163    0.792392
2164    0.791748
2165    0.791163
2166    0.790639
2167    0.790175
2168    0.789774
2169    0.789437
2170    0.789166
2171    0.788959
2172    0.788816
2173    0.788738
2174    0.788724
2175    0.788775
2176    0.788889
2177    0.789068
2178    0.789308
2179    0.789611
2180    0.789973
2181    0.790396
2182    0.790876
2183    0.791413
2184    0.792004
2185    0.792649
2186    0.793346
2187    0.794093
2188    0.794887
2189    0.795726
2190    0.796609
2191    0.797533
2192    0.798494
2193    0.799489
2194    0.800516
2195    0.801573
2196    0.802655
2197    0.803761
2198    0.804887
2199     0.80603
2200    0.807187
2201    0.808355
2202    0.809531
2203    0.810712
2204    0.811895
2205    0.813076
2206     0.81425
2207    0.815416
2208     0.81657
2209    0.817709
2210     0.81883
2211    0.819929
2212    0.821003
2213    0.822049
2214    0.823065
2215    0.824047
2216    0.824995
2217    0.825903
2218    0.826772
2219    0.827597
2220    0.828377
2221    0.829109
2222     0.82979
2223     0.83042
2224    0.830996
2225    0.831518
2226    0.831983
2227     0.83239
2228    0.832737
2229    0.833025
2230    0.833251
2231    0.833416
2232    0.833519
2233    0.833559
2234    0.833538
2235    0.833455
2236    0.833311
2237    0.833105
2238    0.832838
2239    0.832513
2240    0.832129
2241    0.831688
2242    0.831193
2243    0.830643
2244     0.83004
2245    0.829387
2246    0.828687
2247    0.827941
2248    0.827152
2249    0.826322
2250    0.825454
2251    0.824548
2252    0.823609
2253    0.822639
2254    0.821642
2255     0.82062
2256    0.819574
2257    0.818508
2258    0.817425
2259    0.816326
2260    0.815214
2261    0.814093
2262    0.812964
2263    0.811831
2264    0.810695
2265    0.809559
2266    0.808424
2267    0.807293
2268    0.806168
2269    0.805049
2270    0.803939
2271     0.80284
2272    0.801752
2273    0.800676
2274    0.799614
2275    0.798567
2276    0.797534
2277    0.796518
2278    0.795519
2279    0.794537
2280    0.793571
2281    0.792622
2282    0.791689
2283    0.790772
2284    0.789872
2285    0.788988
2286     0.78812
2287    0.787268
2288    0.786432
2289    0.785611
2290    0.784805
2291    0.784013
2292    0.783235
2293    0.782468
2294    0.781713
2295    0.780968
2296    0.780234
2297     0.77951
2298    0.778795
2299    0.778087
2300    0.777387
2301    0.776694
2302    0.776006
2303    0.775323
2304    0.774646
2305    0.773972
2306    0.773302
2307    0.772637
2308    0.771974
2309    0.771314
2310    0.770655
2311    0.769999
2312    0.769343
2313    0.768689
2314    0.768035
2315    0.767381
2316    0.766728
2317    0.766075
2318    0.765422
2319    0.764768
2320    0.764113
2321    0.763458
2322    0.762803
2323    0.762147
2324     0.76149
2325    0.760833
2326    0.760175
2327    0.759516
2328    0.758856
2329    0.758197
2330    0.757539
2331    0.756881
2332    0.756222
2333    0.755565
2334    0.754908
2335    0.754254
2336    0.753601
2337    0.752951
2338    0.752303
2339    0.751659
2340    0.751018
2341    0.750381
2342    0.749748
2343     0.74912
2344    0.748497
2345     0.74788
2346     0.74727
2347    0.746667
2348    0.746073
2349    0.745488
2350    0.744911
2351    0.744346
2352    0.743792
2353     0.74325
2354     0.74272
2355    0.742203
2356      0.7417
2357    0.741213
2358    0.740741
2359    0.740286
2360    0.739849
2361     0.73943
2362    0.739031
2363    0.738653
2364    0.738297
2365    0.737964
2366    0.737654
2367    0.737369
2368     0.73711
2369    0.736877
2370    0.736671
2371    0.736494
2372    0.736347
2373    0.736229
2374    0.736143
2375    0.736089
2376     0.73607
2377    0.736085
2378    0.736136
2379    0.736221
2380    0.736343
2381    0.736502
2382    0.736699
2383    0.736934
2384    0.737209
2385    0.737525
2386    0.737879
2387    0.738273
2388    0.738707
2389    0.739181
2390    0.739696
2391    0.740251
2392    0.740845
2393    0.741478
2394    0.742151
2395    0.742863
2396    0.743613
2397    0.744402
2398     0.74523
2399    0.746094
2400    0.746995
2401     0.74793
2402      0.7489
2403    0.749903
2404    0.750938
2405    0.752004
2406    0.753099
2407    0.754221
2408    0.755369
2409    0.756541
2410    0.757736
2411    0.758951
2412    0.760186
2413     0.76144
2414     0.76271
2415    0.763994
2416    0.765289
2417    0.766597
2418    0.767913
2419    0.769236
2420    0.770564
2421    0.771895
2422    0.773226
2423    0.774557
2424    0.775886
2425    0.777211
2426    0.778531
2427    0.779843
2428    0.781146
2429    0.782439
2430    0.783719
2431    0.784985
2432    0.786236
2433    0.787471
2434    0.788689
2435    0.789888
2436    0.791068
2437    0.792226
2438    0.793363
2439    0.794477
2440    0.795565
2441    0.796628
2442    0.797666
2443    0.798677
2444    0.799662
2445    0.800619
2446    0.801547
2447    0.802447
2448    0.803317
2449    0.804158
2450    0.804969
2451    0.805749
2452    0.806499
2453    0.807217
2454    0.807904
2455     0.80856
2456    0.809185
2457    0.809778
2458    0.810341
2459    0.810873
2460    0.811376
2461    0.811849
2462    0.812293
2463    0.812705
2464    0.813088
2465     0.81344
2466    0.813763
2467    0.814057
2468    0.814323
2469     0.81456
2470     0.81477
2471    0.814953
2472    0.815109
2473    0.815239
2474    0.815343
2475    0.815422
2476    0.815475
2477    0.815503
2478    0.815507
2479    0.815488
2480    0.815446
2481    0.815383
2482    0.815299
2483    0.815192
2484    0.815064
2485    0.814914
2486    0.814744
2487    0.814555
2488    0.814347
2489     0.81412
2490    0.813876
2491    0.813615
2492    0.813336
2493     0.81304
2494    0.812727
2495    0.812397
2496    0.812051
2497    0.811689
2498    0.811312
2499    0.810921
2500    0.810517
2501      0.8101
2502    0.809672
2503    0.809232
2504     0.80878
2505    0.808318
2506    0.807847
2507    0.807367
2508    0.806879
2509    0.806383
2510    0.805883
2511    0.805379
2512    0.804871
2513    0.804361
2514     0.80385
2515    0.803338
2516    0.802826
2517    0.802316
2518    0.801809
2519    0.801307
2520    0.800809
2521     0.80032
2522    0.799839
2523    0.799369
2524     0.79891
2525    0.798465
2526    0.798033
2527    0.797618
2528     0.79722
2529    0.796841
2530    0.796482
2531    0.796144
2532    0.795828
2533    0.795536
2534    0.795269
2535    0.795029
2536    0.794817
2537    0.794635
2538    0.794483
2539    0.794362
2540    0.794272
2541    0.794217
2542    0.794197
2543    0.794211
2544    0.794262
2545     0.79435
2546    0.794477
2547    0.794641
2548    0.794843
2549    0.795084
2550    0.795364
2551    0.795684
2552    0.796045
2553    0.796446
2554    0.796887
2555    0.797367
2556    0.797888
2557    0.798448
2558    0.799047
2559    0.799686
2560    0.800364
2561    0.801081
2562    0.801836
2563    0.802629
2564    0.803458
2565    0.804322
2566    0.805222
2567    0.806155
2568    0.807122
2569    0.808122
2570    0.809153
2571    0.810217
2572    0.811312
2573    0.812437
2574     0.81359
2575    0.814772
2576    0.815981
2577    0.817216
2578    0.818477
2579    0.819762
2580    0.821071
2581    0.822402
2582    0.823755
2583    0.825128
2584    0.826522
2585    0.827934
2586    0.829364
2587    0.830812
2588    0.832275
2589    0.833754
2590    0.835249
2591    0.836758
2592     0.83828
2593    0.839814
2594     0.84136
2595    0.842915
2596     0.84448
2597    0.846054
2598    0.847637
2599    0.849226
2600    0.850822
2601    0.852422
2602    0.854025
2603    0.855631
2604    0.857238
2605    0.858845
2606    0.860451
2607    0.862054
2608    0.863653
2609    0.865247
2610    0.866834
2611    0.868412
2612     0.86998
2613    0.871537
2614     0.87308
2615    0.874609
2616    0.876123
2617     0.87762
2618    0.879097
2619    0.880553
2620    0.881986
2621    0.883394
2622    0.884774
2623    0.886125
2624    0.887443
2625    0.888729
2626    0.889979
2627    0.891193
2628    0.892366
2629    0.893497
2630    0.894585
2631    0.895626
2632    0.896619
2633    0.897562
2634    0.898452
2635    0.899289
2636    0.900069
2637    0.900792
2638    0.901457
2639    0.902061
2640    0.902604
2641    0.903083
2642    0.903496
2643    0.903842
2644    0.904119
2645    0.904328
2646    0.904466
2647    0.904531
2648    0.904523
2649     0.90444
2650    0.904283
2651     0.90405
2652    0.903741
2653    0.903355
2654    0.902893
2655    0.902352
2656    0.901732
2657    0.901035
2658    0.900258
2659    0.899404
2660    0.898472
2661    0.897464
2662     0.89638
2663     0.89522
2664    0.893983
2665    0.892672
2666    0.891287
2667     0.88983
2668    0.888301
2669    0.886702
2670    0.885036
2671    0.883301
2672      0.8815
2673    0.879634
2674    0.877705
2675    0.875715
2676    0.873666
2677     0.87156
2678    0.869399
2679    0.867184
2680    0.864919
2681    0.862605
2682    0.860244
2683    0.857839
2684    0.855393
2685    0.852908
2686    0.850386
2687     0.84783
2688    0.845241
2689    0.842624
2690     0.83998
2691    0.837313
2692    0.834625
2693     0.83192
2694      0.8292
2695    0.826469
2696    0.823728
2697     0.82098
2698    0.818229
2699    0.815477
2700    0.812726
2701    0.809979
2702    0.807239
2703    0.804508
2704     0.80179
2705    0.799087
2706    0.796402
2707    0.793735
2708    0.791091
2709    0.788472
2710    0.785881
2711    0.783321
2712    0.780793
2713    0.778299
2714    0.775842
2715    0.773423
2716    0.771045
2717    0.768709
2718    0.766417
2719     0.76417
2720    0.761968
2721    0.759814
2722    0.757709
2723    0.755655
2724    0.753651
2725      0.7517
2726    0.749802
2727    0.747957
2728    0.746167
2729    0.744432
2730    0.742753
2731    0.741129
2732     0.73956
2733    0.738048
2734    0.736591
2735    0.735189
2736    0.733842
2737     0.73255
2738    0.731312
2739    0.730127
2740    0.728995
2741    0.727915
2742    0.726887
2743    0.725909
2744     0.72498
2745      0.7241
2746    0.723267
2747    0.722479
2748    0.721736
2749    0.721036
2750    0.720379
2751    0.719764
2752    0.719189
2753    0.718652
2754    0.718152
2755    0.717688
2756    0.717258
2757    0.716862
2758    0.716498
2759    0.716165
2760    0.715862
2761     0.71559
2762    0.715345
2763    0.715126
2764    0.714932
2765    0.714762
2766    0.714615
2767     0.71449
2768    0.714388
2769    0.714308
2770    0.714248
2771    0.714209
2772    0.714189
2773     0.71419
2774     0.71421
2775     0.71425
2776    0.714309
2777    0.714388
2778    0.714485
2779    0.714602
2780    0.714738
2781    0.714893
2782    0.715066
2783    0.715258
2784    0.715469
2785    0.715699
2786    0.715948
2787    0.716218
2788    0.716507
2789    0.716817
2790    0.717148
2791      0.7175
2792    0.717873
2793    0.718268
2794    0.718686
2795    0.719126
2796    0.719588
2797    0.720075
2798    0.720586
2799     0.72112
2800    0.721679
2801    0.722263
2802    0.722872
2803    0.723507
2804    0.724167
2805    0.724853
2806    0.725565
2807    0.726304
2808    0.727068
2809    0.727859
2810    0.728676
2811    0.729519
2812    0.730387
2813    0.731281
2814    0.732199
2815    0.733143
2816    0.734112
2817    0.735106
2818    0.736125
2819    0.737168
2820    0.738235
2821    0.739325
2822    0.740438
2823    0.741573
2824     0.74273
2825    0.743906
2826    0.745102
2827    0.746316
2828    0.747548
2829    0.748796
2830    0.750062
2831    0.751343
2832     0.75264
2833     0.75395
2834    0.755274
2835     0.75661
2836    0.757957
2837    0.759313
2838    0.760679
2839    0.762052
2840    0.763433
2841     0.76482
2842    0.766212
2843     0.76761
2844    0.769011
2845    0.770416
2846    0.771824
2847    0.773233
2848    0.774643
2849    0.776055
2850    0.777464
2851    0.778871
2852    0.780275
2853    0.781674
2854    0.783069
2855    0.784458
2856    0.785841
2857    0.787217
2858    0.788583
2859    0.789941
2860    0.791287
2861    0.792623
2862    0.793947
2863    0.795258
2864    0.796557
2865    0.797841
2866    0.799111
2867    0.800364
2868    0.801601
2869     0.80282
2870     0.80402
2871    0.805201
2872    0.806361
2873      0.8075
2874    0.808618
2875    0.809713
2876    0.810784
2877     0.81183
2878     0.81285
2879    0.813842
2880    0.814806
2881    0.815741
2882    0.816645
2883    0.817516
2884    0.818356
2885    0.819162
2886    0.819933
2887    0.820668
2888    0.821365
2889    0.822023
2890    0.822642
2891     0.82322
2892    0.823756
2893    0.824249
2894    0.824698
2895    0.825103
2896    0.825462
2897    0.825774
2898    0.826037
2899    0.826253
2900    0.826418
2901    0.826534
2902    0.826599
2903    0.826612
2904    0.826573
2905    0.826482
2906    0.826339
2907    0.826146
2908    0.825901
2909    0.825605
2910    0.825258
2911    0.824859
2912    0.824412
2913    0.823917
2914    0.823376
2915     0.82279
2916    0.822161
2917    0.821489
2918    0.820778
2919    0.820029
2920    0.819244
2921    0.818426
2922    0.817578
2923    0.816703
2924    0.815806
2925     0.81489
2926    0.813958
2927    0.813015
2928    0.812065
2929    0.811113
2930    0.810162
2931    0.809218
2932    0.808285
2933    0.807368
2934    0.806472
2935      0.8056
2936     0.80476
2937    0.803954
2938    0.803187
2939    0.802464
2940    0.801788
2941    0.801165
2942    0.800598
2943    0.800091
2944    0.799647
2945    0.799268
2946    0.798956
2947    0.798715
2948    0.798545
2949    0.798448
2950    0.798426
2951    0.798478
2952    0.798604
2953    0.798804
2954    0.799077
2955    0.799423
2956    0.799839
2957    0.800324
2958    0.800876
2959    0.801492
2960     0.80217
2961    0.802907
2962    0.803699
2963    0.804543
2964    0.805436
2965    0.806374
2966    0.807353
2967     0.80837
2968    0.809422
2969    0.810505
2970    0.811615
2971     0.81275
2972    0.813906
2973    0.815079
2974    0.816266
2975    0.817464
2976     0.81867
2977    0.819881
2978    0.821096
2979     0.82231
2980    0.823522
2981     0.82473
2982    0.825931
2983    0.827125
2984     0.82831
2985    0.829484
2986    0.830646
2987    0.831794
2988    0.832925
2989    0.834039
2990    0.835136
2991    0.836214
2992    0.837273
2993    0.838312
2994    0.839329
2995    0.840326
2996    0.841298
2997    0.842249
2998    0.843176
2999    0.844079
