898.459		1029.88		74.2092
884.052		1010.23		75.9741
884.052		994.343		74.6442
884.052		982.23		72.4835
847.675		968.948		71.9559
847.675		959.328		67.7759
812.805		945.756		71.2077
812.805		937.594		70.0824
812.805		929.307		68.1604
812.805		921.547		66.3651
794.907		911.081		67.8128
749.129		901.864		69.6467
749.129		894.283		67.5226
749.129		888.102		67.965
749.129		880.14		67.4598
749.129		871.352		64.7696
744.154		860.869		65.5461
744.154		852.667		64.8738
699.835		844.706		67.7845
699.835		837.322		69.2253
699.835		831.24		70.8226
699.835		823.719		70.6964
699.835		817.018		72.4529
699.835		810.873		72.8699
699.835		803.507		67.0567
699.835		795.382		64.5657
699.835		787.029		64.3829
689.834		780.878		66.5738
689.834		774.662		65.1525
689.834		768.802		69.5989
689.834		763.26		79.7236
680.222		759.467		79.975
678.978		754.697		79.2978
678.978		749.971		72.6913
653.829		744.789		69.7155
653.829		740.336		72.6234
639.626		734.956		73.9622
639.626		730.88		68.1974
639.626		726.094		67.5343
639.626		722.611		66.0563
604.666		695.568		66.4777
604.666		690.506		70.0399
604.666		684.433		69.648
604.666		679.445		70.7685
594.534		675.446		71.0977
594.534		669.54		71.4979
593.846		660.914		73.9718
580.981		654.381		70.465
580.981		649.148		68.5541
580.981		644.304		73.2
580.981		637.716		73.9154
573.829		633.901		73.1157
573.829		628.568		68.7538
573.829		624.308		61.3472
573.829		618.992		68.941
571.726		612.907		65.884
571.726		608.273		62.1645
566.275		603.539		60.5916
566.275		599.752		62.1634
566.275		596.818		64.6294
566.275		593.537		65.6434
566.275		590.342		59.8196
566.275		587.331		60.9749
566.275		584.803		62.1705
554.283		582.364		53.9392
550.389		579.644		52.7159
550.389		577.548		47.8194
550.389		575.702		51.6114
550.389		572.872		52.4939
542.084		570.211		51.5482
536.132		568.117		53.2177
536.132		565.525		52.408
536.132		562.857		50.4447
536.132		560.08		51.4533
536.132		557.427		55.3303
536.132		555.468		55.0808
533.188		552.792		53.0571
533.188		551.209		54.2512
533.188		549.307		50.9727
533.188		547.387		56.9065
524.831		545.87		56.8084
522.031		543.66		55.2656
516.322		541.644		55.4617
513.183		540.56		53.5396
513.183		538.922		76.5544
513.183		536.264		78.8755
513.183		534.442		68.5712
511.213		532.244		59.4323
504.162		529.55		62.3136
504.162		528.214		65.7524
497.268		526.415		62.2735
497.268		523.886		67.2155
497.268		521.61		64.3426
497.268		519.437		66.0413
497.189		517.404		65.434
497.189		515.598		65.7634
484.887		513.985		58.9831
484.796		512.135		59.7441
484.796		511.014		70.5305
484.796		510.341		69.8456
483.18		508.62		73.7795
483.18		507.058		65.4305
479.345		505.441		63.5533
478.304		503.538		58.6574
478.304		501.89		57.1575
473.088		499.846		56.9768
473.088		497.788		54.799
473.088		495.748		51.0137
473.088		493.864		51.1399
469.253		492.462		60.8753
469.253		490.488		60.6575
469.253		488.195		60.0935
469.253		485.885		65.5683
461.885		484.007		60.7894
461.604		482.115		61.5418
461.604		480.178		58.4684
460.245		477.994		57.3018
460.245		476.556		55.9003
455.239		475.503		54.9988
450.982		474.069		59.4781
450.982		475.887		57.8694
442.068		474.85		61.0133
442.068		472.932		58.351
439.528		471.316		61.7602
439.528		469.802		66.7416
439.528		467.121		66.1852
439.528		465.919		62.5162
433.043		463.688		56.5916
433.043		461.615		62.8436
433.043		459.338		57.9382
433.043		456.078		64.4047
433.043		453.073		66.6724
433.043		449.009		65.8845
433.001		446.09		62.6672
430.737		444.138		66.9509
428.628		441.773		62.6958
428.628		439.849		61.4379
428.628		438.885		60.2295
426.12		437.464		58.6614
426.12		436.306		57.0913
426.12		435.064		56.0849
424.21		434.053		66.1516
424.21		433.614		72.7865
424.21		433.215		68.4189
424.21		432.66		65.6623
424.21		431.941		61.6893
421.705		430.967		59.9878
421.705		430.052		70.2957
421.705		429.004		67.92
421.705		428.508		74.3358
419.795		427.872		71.0441
419.795		427.48		68.8165
416.519		427.025		70.2544
416.519		426.588		72.961
416.519		426.005		66.5848
416.519		425.485		64.8855
416.519		424.869		62.857
416.519		424.352		68.457
416.519		423.975		68.4046
416.519		423.468		58.9004
390.77		409.086		62.7508
383.523		406.328		64.2064
383.523		402.823		63.2278
378.526		400.1		60.4951
378.526		398.979		66.0415
378.526		398.193		67.0123
378.526		396.711		67.6662
374.987		395.01		63.4938
374.987		392.536		64.2291
374.352		390.461		68.6921
373.538		388.492		65.3027
373.538		386.578		79.9859
373.187		384.477		60.4479
371.739		381.961		60.4374
371.739		380.385		63.173
371.739		379.051		64.6435
370.406		377.804		66.1078
370.406		376.891		68.7255
370.406		376.171		66.1427
368.606		375.892		69.461
368.606		375.661		64.0565
368.606		375.301		70.389
368.222		374.758		70.9621
368.222		374.312		75.2305
368.222		373.924		71.035
368.222		373.52		58.7264
368.222		373.029		58.6626
366.422		372.501		59.1827
366.422		371.991		66.5357
366.422		371.626		63.8952
366.422		371.064		64.2005
366.422		370.628		69.6842
366.422		370.224		73.7562
366.422		369.771		68.2414
366.422		369.589		69.653
365.787		369.302		73.8342
365.787		369.079		71.2755
365.787		368.825		85.9456
365.787		368.495		88.6556
365.787		368.21		79.6677
357.413		367.306		74.1259
357.413		366.212		74.98
357.413		365.628		69.7881
357.413		365.095		87.3699
357.413		364.421		104.455
354.904		363.88		102.777
352.306		363.292		93.0741
352.306		362.864		71.2586
352.306		362.511		71.3987
347.706		361.848		66.3217
346.778		361.25		67.8265
346.778		360.377		61.6184
346.778		359.148		65.9583
346.778		357.996		66.0313
346.778		356.579		56.7171
346.177		355.611		59.4237
346.143		354.237		67.0167
346.143		352.774		72.6362
346.143		351.526		71.9506
344.281		350.396		72.9171
344.281		349.375		75.1998
344.281		348.802		66.7275
344.281		348.501		64.3601
344.281		348.277		56.885
344.281		348.138		74.7004
344.281		348.049		72.5402
343.353		347.884		64.5317
343.353		347.73		64.7755
341.169		347.524		57.1643
341.169		347.196		69.5083
341.169		346.812		68.9748
341.169		346.422		64.2232
341.169		345.938		66.1764
341.169		345.414		67.093
340.534		345.157		61.3197
340.534		344.885		61.0811
340.534		344.506		60.5842
340.534		344.18		73.8099
340.534		343.847		66.5908
340.534		343.543		69.5384
337.858		343.797		71.3418
334.982		343.475		73.2793
334.982		343.097		76.4007
334.353		342.691		75.2328
334.174		342.339		74.9342
330.656		341.943		67.3266
330.656		341.522		70.1388
330.656		340.966		67.3686
330.656		340.487		70.8616
328.153		339.639		74.6751
328.153		339.02		81.5171
328.153		338.358		72.2668
328.153		337.728		70.6193
328.153		337.052		70.8023
328.153		336.311		71.1974
328.153		335.428		70.2398
328.153		334.704		71.8414
328.153		334.023		67.4973
328.041		333.242		67.7071
328.041		332.531		68.4013
327.749		331.691		67.0573
326.72		331.293		66.9988
326.72		330.961		79.7749
326.72		330.635		79.2724
326.72		330.277		70.9433
326.72		329.808		70.2581
326.72		329.729		69.082
326.72		329.712		84.8826
326.72		329.687		85.4843
324.217		329.615		75.1251
324.217		329.569		91.0408
324.217		329.425		86.2133
324.217		329.325		98.5193
324.217		329.156		99.1443
324.217		328.894		91.5927
324.217		328.569		86.9199
324.217		328.227		85.7434
324.217		327.865		82.5157
324.217		327.413		77.9187
324.162		326.922		71.3551
323.687		326.904		86.8719
323.687		326.719		95.2746
323.282		326.576		95.6006
322.354		326.326		100.161
321.95		326.07		100.545
321.95		325.95		114.765
321.15		325.837		99.9316
321.15		325.718		96.2187
321.15		325.598		95.5541
321.15		325.383		95.5809
320.757		325.263		87.8989
319.956		325.071		80.5953
319.956		324.824		84.2812
319.956		324.645		78.4683
319.956		324.298		74.6999
319.956		323.834		72.7159
319.956		323.51		68.8047
319.956		323.203		73.8139
319.956		322.832		70.9234
319.956		322.502		69.4127
318.582		322.268		65.0465
318.582		322.164		76.2551
318.582		321.96		79.4393
318.582		321.779		72.1269
318.582		321.56		70.5048
318.582		321.453		80.7967
318.582		321.412		82.9414
318.582		321.357		78.2687
318.582		321.3		83.2384
318.582		321.197		97.3887
318.294		321.051		84.355
318.294		320.952		82.5678
318.294		320.816		95.1516
318.294		320.615		91.9987
318.294		320.355		90.5654
318.294		320.17		94.7479
316.24		320.159		85.3215
316.24		320.146		63.1721
316.24		320.131		66.2272
316.24		320.128		67.3634
316.24		320.573		80.7678
316.24		320.34		78.635
316.24		320.055		87.4972
313.695		319.958		81.9075
313.695		319.887		74.4475
312.894		319.708		63.4644
312.894		319.518		67.9562
312.894		319.307		68.9037
312.894		319.082		70.6743
312.894		318.724		63.1325
311.762		318.288		66.1093
311.762		318.02		75.036
309.323		317.64		69.0708
309.323		317.101		70.7833
309.323		316.675		63.1307
309.323		316.305		61.926
309.323		316.052		69.8906
309.323		315.637		88.4112
309.323		315.201		74.8872
309.323		314.738		75.9883
309.323		314.36		71.0574
309.323		314.019		62.6303
308.522		313.727		67.4846
308.522		313.432		68.4553
308.522		313.089		68.5152
308.522		312.737		74.3553
308.522		312.474		72.1001
308.522		312.152		67.3202
308.522		311.756		64.1897
308.522		311.447		61.4239
308.522		311.178		65.0743
308.522		310.9		64.1739
308.522		310.499		68.5801
308.522		310.281		76.6886
308.522		310.161		76.6036
308.522		310.065		73.0846
308.522		310.065		68.8141
307.978		310.062		76.4252
307.978		310.062		78.4803
307.978		310.062		64.8626
306.599		309.513		81.2192
306.599		309.381		78.5731
306.599		309.161		79.8083
306.599		308.929		85.6268
306.599		308.647		96.4866
306.599		308.422		75.2818
306.599		308.132		62.8493
306.599		308.132		63.0751
306.599		308.132		84.0289
305.062		308.124		82.0251
305.062		308.078		88.3528
305.062		308.055		91.4439
305.062		308.04		84.5078
305.062		307.955		71.997
305.062		307.855		64.2989
305.062		307.732		65.2425
305.062		307.602		62.5743
305.062		307.486		66.1686
305.062		307.379		58.4945
305.062		307.125		65.4264
305.062		306.88		65.4427
305.062		306.603		67.3822
305.062		306.588		72.8734
305.062		306.588		70.7366
305.062		306.588		64.2436
305.062		306.588		68.6887
305.062		306.588		64.7839
305.062		306.588		62.5903
304.053		306.583		66.281
304.053		306.583		78.4731
304.053		306.583		75.0275
304.053		306.583		89.8207
304.053		306.583		92.4811
304.053		306.583		94.928
304.053		306.578		69.8591
304.053		306.572		61.2647
304.053		306.572		65.2259
304.053		306.572		69.0577
304.053		306.572		70.8116
304.053		306.572		64.0261
303.272		306.42		70.084
303.272		306.372		70.8092
300.749		306.242		63.4552
300.749		306.198		78.7765
300.749		306.161		83.5955
300.749		306.136		90.6808
300.749		306.063		75.5993
300.749		306.005		68.226
300.749		305.825		64.6246
300.749		305.709		64.6114
300.749		305.602		65.3589
300.749		305.403		65.7398
300.749		305.246		64.0239
300.749		305.111		63.4013
300.749		304.946		66.7049
300.749		304.817		72.4145
300.749		304.681		73.1764
300.749		304.54		73.1432
300.749		304.477		66.9708
300.749		304.401		66.8966
300.749		304.322		60.8579
300.749		304.241		64.7462
300.749		304.145		61.689
300.749		304.079		66.8383
300.749		304.069		78.3634
300.749		304.05		73.8337
300.749		304.04		76.7881
300.749		304.01		77.8681
300.749		303.965		76.6706
300.749		303.927		106.149
300.749		303.887		99.117
300.749		303.823		104.636
300.749		303.777		70.2974
300.749		303.741		72.4914
300.749		303.707		72.4953
300.749		303.617		78.5111
300.749		303.579		87.5192
300.749		303.511		90.8573
300.749		303.411		97.9671
300.749		303.265		103.459
300.508		302.815		87.2275
300.508		302.776		84.7988
300.508		302.735		78.6698
300.508		302.674		78.5175
300.508		302.642		81.4734
300.508		302.546		78.0383
300.508		302.463		80.359
300.508		302.426		77.1978
300.508		302.398		74.6701
300.508		302.343		71.4142
300.508		302.287		85.1626
300.508		302.235		87.2246
300.508		302.184		86.1457
300.508		302.127		84.8183
300.508		302.055		81.1591
300.508		302.023		73.7062
300.508		302.011		72.3106
300.508		302.011		77.3248
300.508		302.011		69.4257
300.508		302.011		73.4817
300.508		302.011		77.0888
300.508		302.011		83.9961
300.508		302.011		77.2343
300.508		302.011		74.3363
300.508		302.011		75.899
300.508		302.011		77.6148
300.508		302.011		73.7112
300.508		302.011		74.1593
300.508		302.011		73.5757
300.508		302.011		70.8697
300.508		302.011		71.0261
300.508		302.011		57.2996
300.508		302.011		59.8237
300.508		302.011		63.1207
300.508		302.011		63.2152
300.508		302.011		66.1339
300.508		302.011		71.3627
300.508		302.011		65.9897
300.508		302.011		69.1088
300.508		302.011		76.3414
296.474		299.43		91.6365
296.474		298.77		90.0845
296.474		298.247		94.5797
296.474		297.976		82.8036
296.474		297.957		91.0128
296.474		297.957		90.0216
296.474		297.957		75.8707
296.474		297.957		74.3835
296.474		297.957		65.7785
296.474		297.957		75.7433
296.474		297.957		71.835
296.474		297.957		67.4648
296.474		297.957		78.0495
296.474		297.957		77.727
296.474		297.957		70.7229
296.474		297.957		74.721
296.474		297.957		81.9446
296.474		297.957		73.9837
296.474		297.957		68.9949
296.474		297.957		84.0623
296.474		297.957		88.2604
296.474		297.957		72.9421
296.474		297.957		71.3416
296.474		297.957		67.5646
296.474		297.957		65.2966
296.474		297.957		63.8528
296.474		297.957		68.6799
296.474		297.957		67.5528
296.474		297.957		73.3875
296.474		297.957		68.6869
296.474		297.957		69.3983
296.474		297.957		60.9517
296.474		297.957		61.081
296.474		297.957		55.7491
296.474		297.957		56.9619
296.474		297.957		70.9206
296.474		297.957		68.3415
296.474		297.957		71.8605
296.474		297.957		67.4257
296.474		297.957		59.5733
294.465		297.946		68.8737
294.465		297.946		79.8844
294.465		297.936		73.892
294.465		297.936		68.3867
294.465		297.936		65.1317
294.465		297.936		72.254
294.465		297.936		61.8569
294.465		297.926		64.4684
294.465		297.906		68.4121
294.465		297.906		69.7438
294.465		297.906		83.1413
294.465		297.906		69.8993
294.465		297.906		72.7072
294.465		297.906		78.0285
294.465		297.896		77.7076
294.465		297.886		70.6641
294.465		297.886		85.6948
294.465		297.866		73.5996
294.465		297.866		68.1417
294.465		297.856		79.5652
294.465		297.856		82.0077
294.465		297.846		84.9222
294.465		297.826		84.9617
294.465		297.816		74.9176
294.465		297.796		74.0514
294.465		297.796		76.375
294.465		297.786		74.5456
294.465		297.786		86.5683
294.465		297.776		87.7074
294.465		297.725		81.0771
294.465		297.725		79.4951
294.465		297.695		78.1741
294.465		297.675		76.6192
294.465		297.665		79.654
294.465		297.635		75.5783
294.465		297.615		75.4741
294.465		297.615		73.9243
294.465		297.525		70.1259
294.465		297.474		72.5234
294.465		297.424		77.4081
294.465		296.801		77.003
294.465		296.636		77.3846
294.465		296.512		74.6001
294.465		296.333		76.8201
294.465		296.256		82.8688
294.465		296.184		75.9202
294.465		296.081		92.2527
294.465		295.946		79.2634
294.465		295.937		68.7526
294.465		295.937		69.632
294.465		295.937		67.6715
294.465		295.937		71.7175
294.465		295.937		68.7485
294.465		295.937		73.817
294.465		295.937		80.0558
294.465		295.937		79.9759
294.465		295.937		78.9794
294.465		295.937		79.9837
294.465		295.937		72.6748
294.465		295.937		75.3123
294.465		295.937		74.9977
294.465		295.937		68.2348
294.465		295.937		67.9097
294.465		295.937		78.892
294.465		295.937		82.4849
294.465		295.937		93.9531
294.465		295.937		86.1772
294.465		295.937		76.7248
294.465		295.937		77.4079
294.465		295.937		72.6796
294.465		295.937		80.1816
294.465		295.937		74.4218
294.465		295.937		80.5728
294.465		295.937		71.0324
294.465		295.937		90.5307
294.465		295.937		92.9732
294.465		295.937		66.3705
294.465		295.937		67.5364
294.465		295.937		59.7163
294.465		295.937		57.4702
292.733		295.235		72.6099
292.733		295.036		83.0416
292.733		294.838		79.0692
292.733		294.595		77.4105
292.733		294.455		76.5833
292.733		294.455		75.6705
292.733		294.455		75.82
292.733		294.455		78.1143
292.733		294.455		74.5081
292.733		294.455		68.7429
292.733		294.455		66.2639
291.744		294.449		79.5953
291.744		294.441		77.9436
291.744		294.421		77.6473
291.744		294.415		80.2383
291.744		294.408		80.0921
291.744		294.376		86.4868
291.744		294.357		89.7246
291.744		294.326		93.4822
291.744		294.264		81.5764
291.744		294.164		76.6659
291.744		294.052		82.0036
291.744		293.952		91.4034
291.744		293.821		89.5774
291.744		293.713		81.5207
291.744		293.532		83.3148
291.744		293.295		77.1821
291.744		293.203		91.7315
291.744		293.203		84.7433
291.744		293.203		77.0736
291.744		293.203		70.6644
291.744		293.203		67.592
291.744		293.203		68.2796
291.744		293.203		74.0848
291.744		293.203		66.1932
291.744		293.203		62.8972
291.744		293.203		69.2137
291.744		293.203		68.5747
291.744		293.203		77.3091
291.744		293.203		76.1362
290.332		293.768		74.95
290.332		293.662		77.7206
290.332		293.518		63.2236
290.332		293.375		61.1708
290.332		293.172		60.379
290.332		293.166		59.21
290.332		293.16		71.5196
290.332		293.16		77.4969
290.332		293.16		77.6342
290.332		293.152		70.4611
290.332		293.152		67.8171
290.332		293.152		86.5209
290.332		293.152		81.5466
290.332		293.152		85.2675
290.332		293.149		78.6528
290.332		293.149		79.3647
290.332		293.149		77.6203
290.332		293.149		70.1694
290.332		293.141		70.8181
290.332		293.141		73.2658
290.332		293.141		75.5656
290.332		293.137		73.2887
290.332		293.13		79.8689
290.332		293.123		74.0267
290.332		293.123		77.9675
290.332		293.116		81.6573
290.332		293.109		91.9507
290.332		293.103		88.0398
290.332		293.096		74.0085
290.332		293.089		74.893
290.332		293.088		72.8939
290.332		293.081		76.7427
290.332		293.06		80.0152
290.332		293.052		88.3743
290.332		293.038		84.2689
290.332		293.006		84.6783
290.332		292.988		80.2148
290.332		292.949		84.3516
290.332		292.919		84.379
290.332		292.895		89.324
290.332		292.182		77.2578
290.332		292.012		85.7911
290.332		291.904		98.7589
290.332		291.795		99.3482
290.332		291.784		105.111
290.332		291.784		94.2731
290.332		291.784		89.2877
290.332		291.784		89.3008
290.332		291.784		88.2805
290.332		291.784		68.3389
290.332		291.784		85.7594
290.332		291.784		75.9438
290.332		291.784		76.9178
290.332		291.784		93.0465
290.332		291.784		96.0821
290.332		291.784		88.8313
290.332		291.784		74.7588
290.332		291.784		70.7093
290.332		291.784		68.4857
290.332		291.784		83.6165
290.332		291.784		86.8228
290.332		291.784		74.9969
290.332		291.784		71.2664
290.332		291.784		59.6803
290.332		291.784		67.4581
290.332		291.784		67.7318
290.332		291.784		68.9402
290.332		291.784		76.3732
290.332		291.784		82.3034
290.332		291.784		84.1347
290.332		291.784		71.2441
290.332		291.784		73.6146
290.332		291.784		81.1021
290.332		291.784		88.9626
290.332		291.784		74.7032
290.332		291.784		71.819
290.332		291.784		77.0657
290.332		291.784		84.4078
290.332		291.784		78.9256
290.332		291.784		73.8519
289.837		291.509		80.3157
289.837		291.448		67.7119
289.837		291.384		64.3625
289.837		291.311		63.9428
289.837		291.309		62.2699
289.837		291.308		72.0405
289.837		291.307		71.7526
289.837		291.307		72.1184
288.749		291.301		72.3404
288.749		291.3		76.8805
288.749		291.293		85.0474
288.749		291.286		86.2306
288.749		291.284		90.8574
288.749		291.261		81.231
288.749		291.22		80.4639
288.749		291.162		78.7476
288.749		291.086		73.0248
288.749		291.02		71.5405
288.749		290.944		76.846
288.749		290.84		78.9989
288.749		290.742		76.8314
288.749		290.628		78.2829
288.749		290.438		82.355
288.749		290.22		78.3737
288.749		290.193		67.76
288.749		290.193		69.6198
288.749		290.193		66.7417
288.749		290.193		91.5561
288.749		290.193		92.9431
288.749		290.193		76.6195
288.749		290.193		69.7236
288.749		290.193		71.4463
288.749		290.193		73.2773
288.749		290.193		74.9439
288.749		290.193		74.4612
288.749		290.193		78.0568
288.749		290.193		75.2995
288.749		290.193		63.8485
288.749		290.193		61.162
288.749		290.193		64.0068
288.749		290.193		70.139
288.749		290.193		72.8378
288.749		290.193		76.4756
288.749		290.193		64.4399
288.749		290.193		63.8167
288.749		290.193		62.7281
288.749		290.193		83.6305
288.749		290.193		85.9383
288.749		290.193		80.173
288.749		290.193		76.4275
288.749		290.193		76.5045
288.749		290.193		77.8044
288.749		290.193		64.7972
288.749		290.193		94.6052
288.749		290.193		85.3045
288.749		290.193		81.109
288.749		290.193		104.21
288.749		290.193		99.3251
288.749		290.193		100.794
288.749		290.193		91.5674
288.749		290.193		87.581
288.749		290.193		70.4574
288.749		290.193		71.5148
288.749		290.193		90.6399
288.749		290.193		80.3838
288.749		290.193		80.3691
288.749		290.193		66.8611
288.749		290.193		64.6219
288.749		290.193		69.2382
288.749		290.193		68.0417
288.749		290.193		66.5882
288.749		290.193		64.0973
288.749		290.193		81.5215
288.749		290.193		67.9942
288.749		290.193		70.4515
288.749		290.193		70.1858
288.749		290.193		71.4396
288.749		290.193		84.0814
288.749		290.193		85.1846
288.749		290.193		81.3764
288.749		290.193		65.1068
288.749		290.193		67.9662
288.749		290.193		67.7287
288.749		290.193		67.575
288.749		290.193		73.6439
288.749		290.193		75.1569
288.749		290.193		73.894
288.749		290.193		65.1773
288.749		290.193		70.0252
288.749		290.193		68.4729
288.749		290.193		63.5037
288.749		290.193		69.467
288.749		290.193		66.8448
288.749		290.193		71.4352
288.749		290.193		69.2875
288.749		290.193		70.5436
288.749		290.193		67.9979
288.749		290.193		67.3876
288.749		290.193		58.3922
288.749		290.193		60.6148
288.749		290.193		66.2629
288.749		290.193		61.901
288.749		290.193		57.7188
288.749		290.193		59.305
288.749		290.193		59.086
288.749		290.193		63.9701
288.749		290.193		64.0226
288.749		290.193		60.8588
288.749		290.193		62.9394
288.749		290.193		62.7615
288.749		290.193		66.7092
288.749		290.193		69.8848
288.749		290.193		71.6435
288.749		290.193		63.5549
288.749		290.193		66.4678
288.749		290.193		64.3822
288.749		290.193		64.2905
288.749		290.193		65.7671
288.749		290.193		82.3275
288.749		290.193		107.838
287.502		290.156		73.7702
287.502		290.137		89.2504
287.502		290.106		72.4598
287.502		290.081		71.4723
287.502		290.043		62.5519
287.502		289.981		68.9235
287.502		289.906		71.5302
287.502		289.831		67.1529
287.502		289.669		64.7778
287.502		289.551		61.146
287.502		289.444		75.2174
287.502		289.264		74.8301
287.502		289.058		93.7816
287.502		288.939		94.5683
287.502		288.939		66.8808
287.502		288.939		64.0463
287.502		288.939		66.1269
287.502		288.939		74.6555
287.502		288.939		81.1345
287.502		288.939		74.257
287.502		288.939		62.155
287.502		288.939		66.188
287.502		288.939		75.5466
287.502		288.939		61.8785
287.502		288.939		60.6872
287.502		288.939		80.7882
287.502		288.939		81.1395
287.502		288.939		88.4334
287.502		288.939		88.3068
287.502		288.939		73.5817
287.502		288.939		69.1473
287.502		288.939		72.4957
287.502		288.939		72.14
287.502		288.939		83.5028
287.502		288.939		87.6742
287.502		288.939		77.6452
287.502		288.939		79.561
287.502		288.939		79.17
287.502		288.939		76.3061
287.502		288.939		84.8935
287.502		288.939		101.616
286.293		288.933		103.726
286.293		288.927		94.5495
286.293		288.921		79.45
286.293		288.909		73.5118
286.293		288.897		68.1007
286.293		288.861		89.1958
286.293		288.836		85.7999
286.293		288.806		57.4218
286.293		288.776		56.9845
286.293		288.715		71.0877
286.293		288.619		71.9372
286.293		288.492		63.9709
286.293		288.377		65.7525
286.293		288.25		78.147
286.293		288.123		82.9669
286.293		287.954		80.5555
286.293		287.755		80.805
286.293		287.724		83.1824
286.293		287.724		74.7271
286.293		287.724		75.3545
286.293		287.724		80.3259
286.293		287.724		104.076
286.293		287.724		97.5089
286.293		287.724		83.0584
286.293		287.724		80.2943
286.293		287.724		77.1927
286.293		287.724		64.6725
286.293		287.724		74.0596
286.293		287.724		64.6967
286.293		287.724		64.9009
286.293		287.724		68.3831
286.293		287.724		72.3538
286.293		287.724		62.6405
286.293		287.724		69.0749
286.293		287.724		64.8669
286.293		287.724		77.912
286.293		287.724		73.1094
286.293		287.724		74.4812
286.293		287.724		74.5745
285.499		287.911		69.6471
285.499		287.85		64.7657
285.499		287.796		61.4935
285.499		287.703		63.4746
285.499		287.617		63.2508
285.499		287.569		64.0375
285.499		287.538		65.6215
285.499		287.47		78.7594
285.499		287.399		77.9418
285.499		287.303		79.766
285.499		287.212		69.6294
285.499		287.1		66.9562
285.499		286.961		87.6489
285.499		286.927		87.7555
285.499		286.927		66.5008
285.499		286.927		69.2523
285.499		286.927		68.7154
285.499		286.927		69.7374
285.499		286.927		65.1923
285.499		286.927		68.0831
285.499		286.927		66.4411
285.499		286.927		64.8267
285.499		286.927		63.0495
285.499		286.927		68.0318
285.499		286.927		73.7195
285.499		286.927		72.6071
285.499		286.927		70.5626
285.499		286.927		89.1222
285.499		286.927		72.1339
284.75		286.923		64.2515
284.75		286.912		85.4495
284.75		286.893		69.6713
284.75		286.882		65.9419
284.75		286.837		71.8398
284.75		286.796		74.5349
284.75		286.739		73.9352
284.75		286.702		66.093
284.75		286.616		68.8604
284.75		286.526		59.5795
284.75		286.443		71.2291
284.75		286.769		84.5352
284.75		286.724		79.077
284.75		286.642		91.6285
284.75		286.563		102.651
284.75		286.47		88.7824
284.75		286.365		64.7279
284.75		286.23		65.6293
284.75		286.173		61.9891
284.75		286.173		65.6296
284.75		286.173		70.4828
284.75		286.173		66.7496
284.75		286.173		65.4919
284.75		286.173		62.3893
284.75		286.173		62.3818
284.75		286.173		64.9855
284.75		286.173		70.7964
284.75		286.173		70.1152
284.75		286.173		78.333
284.75		286.173		68.7247
284.75		286.173		71.3622
284.75		286.173		70.9702
284.75		286.173		68.2646
284.75		286.173		68.9539
284.75		286.173		73.9008
284.75		286.173		77.7109
284.75		286.173		74.6643
284.75		286.173		70.2851
284.75		286.173		80.2195
284.75		286.173		78.2028
284.75		286.173		66.6268
284.75		286.173		66.3078
284.75		286.173		66.5721
284.75		286.173		63.9492
284.75		286.173		69.1156
284.75		286.173		65.1418
284.75		286.173		65.3562
284.75		286.173		69.7176
284.75		286.173		72.3065
284.75		286.173		68.0575
284.75		286.173		65.1841
