1,1.1003,0.0015,1.1003,0.727016,-1.26041,-0.00719482
2,0.762431,-nan,0.424566,0.610744,-0.328027,-1.07521
3,0.513436,-nan,0.0154453,0.172746,-0.201893,-0.908246
4,0.345026,-nan,-0.160202,0.167331,-0.410007,-0.989425
5,0.23609,-nan,-0.199655,0.0672487,0.0282025,-0.973217
6,0.153282,-nan,-0.260758,0.0327486,-0.528156,-0.858378
7,0.0813059,-nan,-0.350551,0.0333168,-0.667495,-0.568278
8,0.0182138,-nan,-0.423431,0.0191336,-0.756662,-0.587449
9,-0.0311167,-nan,-0.42576,0.00894086,-0.814448,-0.607427
10,-0.0649291,-nan,-0.369241,0.0352257,-0.818555,-0.613469
11,-0.0927799,-nan,-0.371288,0.0275184,-0.839697,-0.643331
12,-0.115639,-nan,-0.367095,0.0454241,-0.712987,-0.653888
13,-0.139577,-nan,-0.426823,0.00892227,-0.735755,-0.608161
14,-0.158073,-nan,-0.398519,0.0112082,-0.763647,-0.678447
15,-0.174675,-nan,-0.407105,0.0192793,-0.879529,-0.603139
16,-0.189843,-nan,-0.417373,0.0308491,-0.789585,-0.608538
17,-0.204519,-nan,-0.439334,0.00291795,-0.824348,-0.632546
18,-0.217564,-nan,-0.439318,0.00402751,-0.830806,-0.624313
19,-0.228322,-nan,-0.421966,0.0148094,-0.751089,-0.626139
20,-0.238566,-nan,-0.433217,0.0130531,-0.758395,-0.612568
21,-0.246447,-nan,-0.404058,0.0174607,-0.785066,-0.609866
22,-0.254839,-nan,-0.431078,0.00485759,-0.793759,-0.622941
23,-0.262343,-nan,-0.427417,0.0176141,-0.777933,-0.622629
24,-0.269258,-nan,-0.428319,0.0116797,-0.767508,-0.623777
25,-0.276099,-nan,-0.440267,0.00776003,-0.8072,-0.608996
26,-0.282304,-nan,-0.437435,0.00766704,-0.802394,-0.629682
27,-0.2879,-nan,-0.433394,0.0168774,-0.794213,-0.611072
28,-0.292558,-nan,-0.418321,0.0105077,-0.788514,-0.66668
29,-0.297528,-nan,-0.436707,0.00418589,-0.772376,-0.618165
30,-0.301583,-nan,-0.419151,0.0251069,-0.846532,-0.636455
31,-0.305812,-nan,-0.432692,0.00951993,-0.768921,-0.593924
32,-0.308925,-nan,-0.405417,0.0260819,-0.730984,-0.583195
33,-0.312617,-nan,-0.430774,0.0112918,-0.835164,-0.618987
34,-0.31604,-nan,-0.428985,0.00628896,-0.833049,-0.608578
35,-0.319218,-nan,-0.42729,0.00726446,-0.794416,-0.609211
36,-0.322299,-nan,-0.43012,0.00750249,-0.799166,-0.630553
37,-0.325191,-nan,-0.429308,0.0106202,-0.751855,-0.610551
38,-0.327885,-nan,-0.42755,0.0120169,-0.772159,-0.640277
39,-0.330674,-nan,-0.436675,0.00730644,-0.81316,-0.616589
40,-0.333127,-nan,-0.428791,0.00786085,-0.839249,-0.620468
41,-0.33551,-nan,-0.430826,0.00358877,-0.748325,-0.627305
42,-0.337877,-nan,-0.434937,0.00847083,-0.79996,-0.603895
43,-0.339771,-nan,-0.41931,0.00553353,-0.828909,-0.638731
44,-0.341792,-nan,-0.428677,0.00503952,-0.767849,-0.623576
45,-0.343688,-nan,-0.427153,0.00388114,-0.741764,-0.637634
46,-0.345579,-nan,-0.430661,0.00995371,-0.778313,-0.618578
47,-0.347605,-nan,-0.440814,0.00473682,-0.808783,-0.619773
48,-0.349527,-nan,-0.439846,0.00662124,-0.792681,-0.622667
49,-0.351227,-nan,-0.432809,0.0083905,-0.798847,-0.651913
50,-0.352998,-nan,-0.439802,0.00359813,-0.812012,-0.620319
51,-0.35471,-nan,-0.44031,0.00314693,-0.824757,-0.609164
52,-0.356075,-nan,-0.425659,0.00669782,-0.795365,-0.59014
53,-0.357571,-nan,-0.435369,0.00522196,-0.761012,-0.624529
54,-0.358922,-nan,-0.430516,0.0103935,-0.740266,-0.633719
55,-0.360226,-nan,-0.430668,0.0129246,-0.816899,-0.625237
56,-0.361608,-nan,-0.437615,0.00363883,-0.820303,-0.61088
57,-0.362915,-nan,-0.436116,0.00515525,-0.818768,-0.610107
58,-0.363976,-nan,-0.424421,0.0140306,-0.788752,-0.632231
59,-0.365241,-nan,-0.438607,0.00471446,-0.780493,-0.603058
60,-0.366454,-nan,-0.438031,0.00369112,-0.791207,-0.602322
61,-0.367651,-nan,-0.439488,0.00446173,-0.807426,-0.620108
62,-0.368792,-nan,-0.438398,0.0044717,-0.822915,-0.621232
63,-0.369813,-nan,-0.433124,0.00720279,-0.8401,-0.629729
64,-0.370797,-nan,-0.432765,0.00793606,-0.814036,-0.631565
65,-0.371832,-nan,-0.438071,0.0031703,-0.822734,-0.602362
66,-0.372816,-nan,-0.436788,0.00384439,-0.781366,-0.639486
67,-0.373846,-nan,-0.44183,0.00471063,-0.799782,-0.629248
68,-0.374702,-nan,-0.43208,0.00909561,-0.79174,-0.629297
69,-0.375645,-nan,-0.43973,0.00380268,-0.800287,-0.611102
70,-0.376588,-nan,-0.441672,0.00425971,-0.811249,-0.605316
71,-0.377454,-nan,-0.438098,0.00480714,-0.793766,-0.597302
72,-0.378173,-nan,-0.429156,0.0071369,-0.761396,-0.628816
73,-0.379049,-nan,-0.442157,0.00326432,-0.807687,-0.620125
74,-0.379874,-nan,-0.440062,0.00414184,-0.813883,-0.627281
75,-0.380653,-nan,-0.438364,0.00695828,-0.811976,-0.618382
76,-0.381301,-nan,-0.429847,0.00904957,-0.747755,-0.607423
77,-0.381954,-nan,-0.431571,0.00417265,-0.755423,-0.609347
78,-0.382692,-nan,-0.43952,0.00430288,-0.793386,-0.628604
79,-0.383378,-nan,-0.436916,0.00516691,-0.822848,-0.607062
80,-0.384085,-nan,-0.439907,0.00352455,-0.797223,-0.607447
81,-0.384737,-nan,-0.436904,0.00288376,-0.811019,-0.609379
82,-0.385334,-nan,-0.433716,0.0080773,-0.775041,-0.637611
83,-0.385912,-nan,-0.433328,0.0075375,-0.802743,-0.650633
84,-0.38657,-nan,-0.441193,0.00278947,-0.811724,-0.624887
85,-0.387197,-nan,-0.43982,0.00229702,-0.801027,-0.595261
86,-0.387794,-nan,-0.438571,0.00315672,-0.779307,-0.622262
87,-0.388361,-nan,-0.437102,0.00749409,-0.793474,-0.602992
88,-0.388918,-nan,-0.437402,0.0056313,-0.790503,-0.614091
89,-0.389443,-nan,-0.435602,0.00427834,-0.800445,-0.607873
90,-0.390001,-nan,-0.439674,0.00438789,-0.803395,-0.62312
91,-0.390602,-nan,-0.444667,0.00224636,-0.803989,-0.619263
92,-0.391125,-nan,-0.438799,0.00321992,-0.769619,-0.62667
93,-0.391656,-nan,-0.440508,0.00613562,-0.784767,-0.612919
94,-0.392126,-nan,-0.435821,0.0050243,-0.810465,-0.598235
95,-0.39262,-nan,-0.43899,0.00402315,-0.800432,-0.611955
96,-0.39312,-nan,-0.440666,0.00526077,-0.79253,-0.625404
97,-0.393502,-nan,-0.430137,0.00244002,-0.800721,-0.652501
98,-0.393849,-nan,-0.427532,0.00591925,-0.829002,-0.639764
99,-0.394305,-nan,-0.439005,0.00708685,-0.812923,-0.610891
100,-0.394778,-nan,-0.4416,0.00209679,-0.815489,-0.619499
101,-0.395226,-nan,-0.440064,0.00357981,-0.785162,-0.617335
102,-0.39568,-nan,-0.441487,0.00475325,-0.79536,-0.617256
103,-0.396111,-nan,-0.440113,0.00476248,-0.808893,-0.628846
104,-0.396583,-nan,-0.445152,0.00350742,-0.802647,-0.616908
105,-0.396957,-nan,-0.435824,0.00661703,-0.806219,-0.627919
106,-0.397352,-nan,-0.438873,0.00695591,-0.819425,-0.606241
107,-0.397775,-nan,-0.442562,0.00273134,-0.78317,-0.620562
108,-0.398122,-nan,-0.43535,0.00924012,-0.821747,-0.614404
109,-0.398436,-nan,-0.432306,0.00422258,-0.81888,-0.603969
110,-0.398779,-nan,-0.43614,0.00293928,-0.782403,-0.617075
111,-0.399094,-nan,-0.43375,0.0071168,-0.814704,-0.641909
112,-0.399389,-nan,-0.432145,0.00984652,-0.852966,-0.616198
113,-0.39964,-nan,-0.427721,0.0187886,-0.827635,-0.607584
114,-0.399996,-nan,-0.440231,0.00460253,-0.802789,-0.622016
115,-0.400317,-nan,-0.43694,0.0046483,-0.78485,-0.624346
116,-0.400671,-nan,-0.441397,0.00589213,-0.79984,-0.630384
117,-0.401028,-nan,-0.442453,0.00330982,-0.80364,-0.631401
118,-0.401366,-nan,-0.440846,0.00201697,-0.781935,-0.617286
119,-0.401722,-nan,-0.443793,0.00407812,-0.800144,-0.61676
120,-0.402069,-nan,-0.443357,0.00338942,-0.802571,-0.621165
121,-0.402403,-nan,-0.442486,0.00259272,-0.811719,-0.614808
122,-0.402713,-nan,-0.440185,0.00560066,-0.790899,-0.622886
123,-0.403016,-nan,-0.440015,0.00499408,-0.800536,-0.606862
124,-0.403346,-nan,-0.443937,0.00314243,-0.795441,-0.610234
125,-0.403648,-nan,-0.441097,0.00287245,-0.789784,-0.610088
126,-0.403895,-nan,-0.434713,0.00424001,-0.773195,-0.631566
127,-0.404189,-nan,-0.441217,0.00235674,-0.798425,-0.630274
128,-0.404485,-nan,-0.442139,0.00252491,-0.817151,-0.621141
129,-0.404778,-nan,-0.442309,0.00517224,-0.802068,-0.614758
130,-0.405051,-nan,-0.440205,0.00616901,-0.82064,-0.617164
131,-0.405301,-nan,-0.437806,0.00295391,-0.794528,-0.615045
132,-0.405496,-nan,-0.431079,0.00435719,-0.838877,-0.590875
133,-0.405735,-nan,-0.437275,0.00408549,-0.778248,-0.61087
134,-0.406006,-nan,-0.441997,0.00382573,-0.815839,-0.621125
135,-0.406264,-nan,-0.440853,0.00333281,-0.810557,-0.632615
136,-0.406505,-nan,-0.43908,0.00414699,-0.78489,-0.603952
137,-0.406739,-nan,-0.43855,0.00527047,-0.800494,-0.612138
138,-0.406971,-nan,-0.4388,0.00522597,-0.797356,-0.623247
139,-0.407187,-nan,-0.437015,0.00535811,-0.793129,-0.637233
140,-0.407429,-nan,-0.441004,0.00488221,-0.793094,-0.606137
141,-0.407649,-nan,-0.438462,0.00372753,-0.792824,-0.609098
142,-0.407889,-nan,-0.441747,0.00344592,-0.806984,-0.621276
143,-0.408107,-nan,-0.439017,0.00802391,-0.79295,-0.636659
144,-0.408312,-nan,-0.437694,0.00358912,-0.829359,-0.611498
145,-0.408539,-nan,-0.441105,0.00335242,-0.775928,-0.618308
146,-0.408779,-nan,-0.443608,0.00349719,-0.792356,-0.630204
147,-0.409001,-nan,-0.441499,0.00306684,-0.807875,-0.617673
148,-0.409238,-nan,-0.443991,0.00280371,-0.794799,-0.617582
149,-0.409446,-nan,-0.440286,0.00428416,-0.795052,-0.607535
150,-0.409649,-nan,-0.439892,0.00710218,-0.80118,-0.628357
151,-0.40987,-nan,-0.44296,0.00290851,-0.793972,-0.617345
152,-0.410052,-nan,-0.437562,0.0058899,-0.786658,-0.618321
153,-0.410246,-nan,-0.439771,0.00434622,-0.790667,-0.626486
154,-0.410421,-nan,-0.437149,0.00760738,-0.778875,-0.640343
155,-0.410619,-nan,-0.441174,0.00233395,-0.787305,-0.620168
156,-0.410814,-nan,-0.440954,0.00336307,-0.792493,-0.59667
157,-0.410993,-nan,-0.438966,0.00476315,-0.792369,-0.62887
158,-0.411184,-nan,-0.441123,0.00495466,-0.800912,-0.611859
159,-0.411349,-nan,-0.437486,0.00328987,-0.811938,-0.606033
160,-0.411519,-nan,-0.438533,0.00436128,-0.80447,-0.606192
161,-0.411709,-nan,-0.442088,0.00447024,-0.791388,-0.622164
162,-0.411896,-nan,-0.441981,0.00358817,-0.797844,-0.617988
163,-0.412073,-nan,-0.440711,0.00279676,-0.796372,-0.619468
164,-0.412262,-nan,-0.443088,0.00354382,-0.80549,-0.618924
165,-0.412406,-nan,-0.436085,0.00444191,-0.818794,-0.616191
166,-0.412596,-nan,-0.443904,0.00275709,-0.814423,-0.612925
167,-0.412776,-nan,-0.442772,0.00398204,-0.793339,-0.6113
168,-0.412925,-nan,-0.437748,0.00315106,-0.795917,-0.594264
169,-0.413058,-nan,-0.435449,0.00337592,-0.770831,-0.634589
170,-0.41322,-nan,-0.440609,0.00446556,-0.792609,-0.609013
171,-0.413374,-nan,-0.43942,0.00572085,-0.805146,-0.616552
172,-0.413545,-nan,-0.442822,0.00400359,-0.811777,-0.614671
173,-0.413708,-nan,-0.441784,0.00370086,-0.785427,-0.618788
174,-0.41388,-nan,-0.443563,0.00159091,-0.796037,-0.61765
175,-0.414041,-nan,-0.442053,0.00396027,-0.787864,-0.621025
176,-0.414181,-nan,-0.43881,0.00614592,-0.805778,-0.628617
177,-0.414322,-nan,-0.439063,0.00283319,-0.828411,-0.614153
178,-0.414472,-nan,-0.441037,0.00279436,-0.812455,-0.621544
179,-0.414609,-nan,-0.439063,0.00466794,-0.828241,-0.612283
180,-0.414763,-nan,-0.442173,0.00345561,-0.785007,-0.60828
181,-0.414894,-nan,-0.438526,0.00320183,-0.784247,-0.616596
182,-0.415006,-nan,-0.435338,0.0022344,-0.765065,-0.596103
183,-0.415159,-nan,-0.442935,0.00439113,-0.785288,-0.615583
184,-0.415309,-nan,-0.442706,0.00199853,-0.799787,-0.623614
185,-0.415445,-nan,-0.440592,0.00559121,-0.815743,-0.62576
186,-0.415573,-nan,-0.439274,0.00367881,-0.778133,-0.623318
187,-0.415715,-nan,-0.441984,0.00450749,-0.789082,-0.630327
188,-0.415814,-nan,-0.4344,0.00613342,-0.765193,-0.638051
189,-0.415953,-nan,-0.442058,0.00313891,-0.815536,-0.612979
190,-0.416092,-nan,-0.442489,0.00355964,-0.80347,-0.612512
191,-0.416222,-nan,-0.440789,0.00405554,-0.80695,-0.623964
192,-0.416333,-nan,-0.437629,0.00560552,-0.7913,-0.62933
193,-0.416465,-nan,-0.441771,0.00417317,-0.813372,-0.616063
194,-0.41659,-nan,-0.440728,0.0032423,-0.812257,-0.618899
195,-0.416707,-nan,-0.439374,0.00399342,-0.827769,-0.621805
196,-0.416835,-nan,-0.441786,0.0043662,-0.814607,-0.612416
197,-0.416954,-nan,-0.440299,0.00320067,-0.807912,-0.615942
198,-0.417061,-nan,-0.438098,0.00386749,-0.803813,-0.619741
199,-0.417188,-nan,-0.442312,0.00360697,-0.818692,-0.629346
200,-0.417306,-nan,-0.440832,0.00438905,-0.785393,-0.622288
201,-0.417402,-nan,-0.436521,0.00299363,-0.772336,-0.603042
202,-0.417498,-nan,-0.436845,0.00480444,-0.768021,-0.607504
203,-0.417621,-nan,-0.442462,0.00426655,-0.806357,-0.60779
204,-0.417722,-nan,-0.438172,0.00456354,-0.825242,-0.606467
205,-0.41783,-nan,-0.440019,0.00378198,-0.777217,-0.612155
206,-0.417957,-nan,-0.443847,0.00210845,-0.783209,-0.621674
207,-0.418058,-nan,-0.438986,0.00354275,-0.768711,-0.623485
208,-0.418161,-nan,-0.439492,0.00361862,-0.808304,-0.616972
209,-0.418268,-nan,-0.440425,0.00558954,-0.806789,-0.626774
210,-0.418387,-nan,-0.443403,0.00440486,-0.797334,-0.611283
211,-0.418479,-nan,-0.437645,0.00675009,-0.815217,-0.627402
212,-0.41858,-nan,-0.440004,0.00527116,-0.799774,-0.622931
213,-0.41869,-nan,-0.44197,0.00363345,-0.801998,-0.61695
214,-0.418799,-nan,-0.442017,0.00388364,-0.798292,-0.60816
215,-0.4189,-nan,-0.440603,0.00367226,-0.785278,-0.625852
216,-0.418984,-nan,-0.436878,0.00649851,-0.78692,-0.606744
217,-0.419088,-nan,-0.441667,0.00475406,-0.813861,-0.604745
218,-0.419183,-nan,-0.439758,0.00334062,-0.784435,-0.611283
219,-0.419288,-nan,-0.442126,0.00200712,-0.809334,-0.627119
220,-0.419397,-nan,-0.443289,0.00208914,-0.80082,-0.608109
221,-0.419495,-nan,-0.441107,0.00407493,-0.788854,-0.625623
222,-0.419597,-nan,-0.442105,0.00276524,-0.807436,-0.617128
223,-0.4197,-nan,-0.442563,0.00317257,-0.788945,-0.607063
224,-0.419804,-nan,-0.442991,0.00252005,-0.796665,-0.626371
225,-0.4199,-nan,-0.441309,0.00265688,-0.812948,-0.625641
226,-0.419966,-nan,-0.435001,0.00431607,-0.807719,-0.63278
227,-0.420053,-nan,-0.439704,0.00491215,-0.801925,-0.601203
228,-0.420142,-nan,-0.440199,0.00408757,-0.795272,-0.620303
229,-0.420233,-nan,-0.441112,0.00360027,-0.793948,-0.626269
230,-0.420323,-nan,-0.440962,0.00354402,-0.818058,-0.607833
231,-0.42042,-nan,-0.442593,0.0026499,-0.815831,-0.608333
232,-0.420513,-nan,-0.442071,0.00255944,-0.815089,-0.605464
233,-0.420596,-nan,-0.439848,0.00693156,-0.798866,-0.631749
234,-0.42068,-nan,-0.440343,0.00325062,-0.819179,-0.619884
235,-0.42076,-nan,-0.439412,0.00323886,-0.796109,-0.638506
236,-0.420833,-nan,-0.438052,0.00484147,-0.78762,-0.606665
237,-0.420924,-nan,-0.442271,0.00338523,-0.803082,-0.614144
238,-0.421007,-nan,-0.440663,0.00305716,-0.792792,-0.623345
239,-0.421082,-nan,-0.439002,0.00305833,-0.805532,-0.619767
240,-0.421154,-nan,-0.438362,0.00380685,-0.831001,-0.620295
241,-0.421241,-nan,-0.442179,0.00405352,-0.789928,-0.628981
242,-0.421322,-nan,-0.440818,0.00475869,-0.796864,-0.61919
243,-0.421406,-nan,-0.441578,0.00363893,-0.787364,-0.602902
244,-0.421488,-nan,-0.441592,0.00425222,-0.804984,-0.606631
245,-0.421567,-nan,-0.440796,0.00302959,-0.778618,-0.620949
246,-0.421657,-nan,-0.443727,0.00302181,-0.805022,-0.615649
247,-0.421736,-nan,-0.441198,0.0041803,-0.821331,-0.623532
248,-0.421817,-nan,-0.441688,0.00386188,-0.77583,-0.620526
249,-0.421906,-nan,-0.444015,0.00360094,-0.788997,-0.617305
250,-0.421998,-nan,-0.445011,0.00189896,-0.802321,-0.615488
251,-0.422079,-nan,-0.442113,0.00560595,-0.804977,-0.618347
252,-0.422153,-nan,-0.440957,0.00289155,-0.791792,-0.632061
253,-0.422238,-nan,-0.443626,0.00240084,-0.803441,-0.618788
254,-0.422298,-nan,-0.437381,0.00368729,-0.794245,-0.613053
255,-0.422372,-nan,-0.441232,0.0059772,-0.798888,-0.622011
256,-0.422443,-nan,-0.44063,0.00389776,-0.793339,-0.628826
257,-0.422518,-nan,-0.441496,0.00588106,-0.797196,-0.629387
258,-0.422599,-nan,-0.443472,0.00346365,-0.801385,-0.614831
259,-0.422677,-nan,-0.442823,0.00401891,-0.796068,-0.60784
260,-0.422737,-nan,-0.438172,0.00463444,-0.817118,-0.604627
261,-0.422802,-nan,-0.439809,0.0041193,-0.827668,-0.617543
262,-0.422872,-nan,-0.441255,0.0036495,-0.800004,-0.622064
263,-0.422936,-nan,-0.439621,0.00263885,-0.790378,-0.605317
264,-0.423012,-nan,-0.442898,0.00259086,-0.810789,-0.610647
265,-0.423088,-nan,-0.443132,0.00316019,-0.793828,-0.613485
266,-0.423154,-nan,-0.44081,0.00381599,-0.820786,-0.605427
267,-0.423222,-nan,-0.441276,0.00388891,-0.810394,-0.625418
268,-0.423283,-nan,-0.439563,0.00623606,-0.786656,-0.636985
269,-0.423345,-nan,-0.440021,0.00456271,-0.777617,-0.621139
270,-0.423408,-nan,-0.440347,0.0039421,-0.786086,-0.617091
271,-0.423467,-nan,-0.439457,0.00362663,-0.811043,-0.62082
272,-0.423538,-nan,-0.442575,0.00315891,-0.804515,-0.617283
273,-0.423606,-nan,-0.442191,0.00321181,-0.809861,-0.605748
274,-0.423658,-nan,-0.437924,0.00490085,-0.823517,-0.623674
275,-0.423714,-nan,-0.439015,0.00810739,-0.804458,-0.612498
276,-0.423785,-nan,-0.443181,0.00213395,-0.798153,-0.612399
277,-0.423851,-nan,-0.442019,0.00259187,-0.810395,-0.61821
278,-0.423888,-nan,-0.434341,0.00485982,-0.793697,-0.632287
279,-0.42394,-nan,-0.43839,0.0073126,-0.803303,-0.634324
280,-0.424007,-nan,-0.442733,0.00409525,-0.81008,-0.613204
281,-0.424072,-nan,-0.442197,0.00304103,-0.804999,-0.618015
282,-0.424133,-nan,-0.441248,0.00387981,-0.804523,-0.628859
283,-0.424199,-nan,-0.442748,0.00343808,-0.819515,-0.618434
284,-0.424248,-nan,-0.43832,0.00423423,-0.791976,-0.63677
285,-0.424309,-nan,-0.441573,0.00489655,-0.790212,-0.625885
286,-0.424358,-nan,-0.43829,0.00451947,-0.776191,-0.616055
287,-0.424416,-nan,-0.440911,0.00411728,-0.789075,-0.625214
288,-0.424477,-nan,-0.442128,0.00346913,-0.79829,-0.601648
289,-0.424533,-nan,-0.440455,0.00360636,-0.81626,-0.603731
290,-0.42459,-nan,-0.441097,0.00346762,-0.793256,-0.630831
291,-0.42464,-nan,-0.439258,0.00505725,-0.807311,-0.619284
292,-0.4247,-nan,-0.442073,0.00239084,-0.789479,-0.61988
293,-0.42476,-nan,-0.442213,0.00250794,-0.800053,-0.606751
294,-0.424815,-nan,-0.440937,0.00345587,-0.789698,-0.620723
295,-0.424868,-nan,-0.440628,0.0024613,-0.802482,-0.619002
296,-0.424926,-nan,-0.441834,0.00342301,-0.812067,-0.619613
297,-0.42498,-nan,-0.441104,0.00371392,-0.794929,-0.625972
298,-0.425039,-nan,-0.442673,0.00252588,-0.801401,-0.611136
299,-0.425097,-nan,-0.442115,0.00269259,-0.785448,-0.614449
300,-0.425149,-nan,-0.440905,0.00324262,-0.821177,-0.609905
301,-0.425206,-nan,-0.442279,0.00507096,-0.797791,-0.613881
302,-0.425247,-nan,-0.437551,0.00586075,-0.819624,-0.62819
303,-0.425288,-nan,-0.437685,0.00521094,-0.828101,-0.627356
304,-0.425344,-nan,-0.442223,0.00306827,-0.797139,-0.61475
305,-0.425388,-nan,-0.438718,0.00395236,-0.817194,-0.605577
306,-0.425442,-nan,-0.441909,0.0031426,-0.803084,-0.606396
307,-0.425486,-nan,-0.43905,0.0027454,-0.824688,-0.621172
308,-0.42553,-nan,-0.43892,0.00395745,-0.807471,-0.632751
309,-0.425585,-nan,-0.442658,0.00340479,-0.81142,-0.625393
310,-0.425637,-nan,-0.441784,0.00346921,-0.816475,-0.618866
311,-0.425696,-nan,-0.443852,0.00350972,-0.80134,-0.623914
312,-0.425751,-nan,-0.442884,0.00314064,-0.801829,-0.622687
313,-0.425803,-nan,-0.441939,0.00258565,-0.801442,-0.628668
314,-0.425853,-nan,-0.441627,0.00372383,-0.796685,-0.631807
315,-0.425906,-nan,-0.442613,0.00236365,-0.807662,-0.62625
316,-0.425954,-nan,-0.440935,0.00285658,-0.787902,-0.622888
317,-0.426008,-nan,-0.443228,0.00256785,-0.793058,-0.627663
318,-0.426055,-nan,-0.440795,0.00340947,-0.823402,-0.602181
319,-0.426102,-nan,-0.440993,0.00403976,-0.798565,-0.622176
320,-0.426145,-nan,-0.43987,0.0038828,-0.782664,-0.616725
321,-0.426196,-nan,-0.442538,0.00433584,-0.806132,-0.621895
322,-0.426247,-nan,-0.442605,0.0041629,-0.811948,-0.615451
323,-0.426299,-nan,-0.443073,0.00305279,-0.809768,-0.614539
324,-0.426338,-nan,-0.439079,0.00491414,-0.820785,-0.604493
325,-0.426386,-nan,-0.441976,0.00353811,-0.8059,-0.604579
326,-0.426435,-nan,-0.442419,0.00329092,-0.799673,-0.614799
327,-0.426477,-nan,-0.440006,0.00364854,-0.812636,-0.595673
328,-0.426515,-nan,-0.438871,0.003161,-0.782462,-0.611278
329,-0.426554,-nan,-0.439281,0.00706526,-0.785457,-0.601966
330,-0.426593,-nan,-0.439419,0.00568007,-0.802607,-0.634915
331,-0.426633,-nan,-0.439844,0.00463942,-0.813159,-0.628894
332,-0.426676,-nan,-0.440914,0.00506544,-0.811507,-0.629094
333,-0.426709,-nan,-0.437664,0.0056498,-0.796684,-0.610032
334,-0.426752,-nan,-0.441239,0.00420342,-0.798858,-0.615284
335,-0.426794,-nan,-0.440708,0.00503827,-0.786154,-0.620791
336,-0.426837,-nan,-0.441389,0.00317923,-0.811924,-0.61103
337,-0.426886,-nan,-0.443211,0.00432951,-0.800301,-0.609268
338,-0.42692,-nan,-0.438453,0.0044333,-0.808951,-0.603906
339,-0.426946,-nan,-0.43567,0.00637105,-0.798308,-0.595157
340,-0.426983,-nan,-0.439578,0.004637,-0.780885,-0.607038
341,-0.427026,-nan,-0.44182,0.00283579,-0.80323,-0.610221
342,-0.427065,-nan,-0.440198,0.00345838,-0.815219,-0.628845
343,-0.427114,-nan,-0.443808,0.00465977,-0.814052,-0.609744
344,-0.427158,-nan,-0.442384,0.00383776,-0.797439,-0.617628
345,-0.427183,-nan,-0.435757,0.0034802,-0.836385,-0.603137
346,-0.427226,-nan,-0.442068,0.00344029,-0.826663,-0.612848
347,-0.427273,-nan,-0.443502,0.0041059,-0.806402,-0.611166
348,-0.427315,-nan,-0.441735,0.00320421,-0.81594,-0.62188
349,-0.427361,-nan,-0.443605,0.00268018,-0.803775,-0.624343
350,-0.427406,-nan,-0.442857,0.00355429,-0.81075,-0.620658
351,-0.427442,-nan,-0.440212,0.00361978,-0.776309,-0.623981
352,-0.427479,-nan,-0.440325,0.00360788,-0.800605,-0.617937
353,-0.427517,-nan,-0.440902,0.00396382,-0.774582,-0.617982
354,-0.427557,-nan,-0.441828,0.00267161,-0.787482,-0.625284
355,-0.427599,-nan,-0.442376,0.0039251,-0.786293,-0.622807
356,-0.42764,-nan,-0.442123,0.00329202,-0.792779,-0.628213
357,-0.427672,-nan,-0.439337,0.00297888,-0.818277,-0.59613
358,-0.427704,-nan,-0.43895,0.0029264,-0.772151,-0.609117
359,-0.427739,-nan,-0.440178,0.00296787,-0.79803,-0.606842
360,-0.427769,-nan,-0.438767,0.0043897,-0.831482,-0.620453
361,-0.427802,-nan,-0.439503,0.00442423,-0.815262,-0.605018
362,-0.427839,-nan,-0.44138,0.00390192,-0.8128,-0.617416
363,-0.427876,-nan,-0.441106,0.00244303,-0.811424,-0.60322
364,-0.427916,-nan,-0.442675,0.00285294,-0.798626,-0.612158
365,-0.427949,-nan,-0.43994,0.00469075,-0.783239,-0.625262
366,-0.427981,-nan,-0.439448,0.00572809,-0.796934,-0.624568
367,-0.428023,-nan,-0.443588,0.00339484,-0.800722,-0.62009
368,-0.428067,-nan,-0.444033,0.00337038,-0.798209,-0.613425
369,-0.428109,-nan,-0.443476,0.00368704,-0.808,-0.626394
370,-0.428144,-nan,-0.44109,0.00351376,-0.781665,-0.612391
371,-0.428176,-nan,-0.440113,0.00249324,-0.782874,-0.616193
372,-0.428212,-nan,-0.44144,0.00277258,-0.814399,-0.609834
373,-0.42824,-nan,-0.438914,0.00578326,-0.814341,-0.630623
374,-0.428266,-nan,-0.437726,0.00432607,-0.829409,-0.636094
375,-0.4283,-nan,-0.441169,0.00356128,-0.819231,-0.622538
376,-0.428336,-nan,-0.441955,0.00344847,-0.790226,-0.613471
377,-0.428363,-nan,-0.438503,0.00650192,-0.815444,-0.631144
378,-0.428386,-nan,-0.436856,0.00539547,-0.786111,-0.64906
379,-0.428421,-nan,-0.441682,0.00297482,-0.782735,-0.626278
380,-0.428459,-nan,-0.443051,0.00338996,-0.814094,-0.61279
381,-0.42846,-nan,-0.428766,0.00675923,-0.832213,-0.63894
382,-0.428489,-nan,-0.439527,0.00487679,-0.812753,-0.631803
383,-0.428519,-nan,-0.44001,0.00431211,-0.793666,-0.621936
384,-0.42855,-nan,-0.440283,0.00495032,-0.81285,-0.601789
385,-0.428584,-nan,-0.441633,0.00362301,-0.791025,-0.621033
386,-0.42861,-nan,-0.438788,0.00361967,-0.809838,-0.605453
387,-0.428644,-nan,-0.441524,0.00447656,-0.806743,-0.606841
388,-0.42868,-nan,-0.442541,0.00313879,-0.802197,-0.608496
389,-0.428718,-nan,-0.443557,0.00304495,-0.797762,-0.61777
390,-0.428749,-nan,-0.440706,0.00382003,-0.787766,-0.620815
391,-0.428778,-nan,-0.440391,0.00387472,-0.797691,-0.635694
392,-0.428815,-nan,-0.443047,0.00278114,-0.792107,-0.620278
393,-0.428849,-nan,-0.442238,0.00239678,-0.793019,-0.6165
394,-0.428886,-nan,-0.443329,0.00214695,-0.799808,-0.607616
395,-0.428921,-nan,-0.442725,0.00329732,-0.812476,-0.612709
396,-0.428954,-nan,-0.441983,0.0022466,-0.801695,-0.612416
397,-0.428984,-nan,-0.440923,0.00216709,-0.807214,-0.615613
398,-0.429,-nan,-0.435347,0.00567219,-0.752349,-0.609166
399,-0.42903,-nan,-0.441077,0.00359826,-0.776483,-0.620927
400,-0.429056,-nan,-0.439597,0.00381902,-0.777161,-0.604694
401,-0.429086,-nan,-0.441078,0.00293621,-0.80497,-0.601703
402,-0.429118,-nan,-0.441634,0.00294023,-0.81842,-0.602379
403,-0.429141,-nan,-0.438719,0.00563872,-0.798617,-0.612203
404,-0.429176,-nan,-0.442937,0.00267517,-0.80491,-0.623037
405,-0.429198,-nan,-0.438139,0.00550702,-0.821517,-0.626951
406,-0.429225,-nan,-0.440319,0.00503306,-0.800465,-0.628032
407,-0.429252,-nan,-0.440188,0.00843025,-0.801378,-0.627411
408,-0.429285,-nan,-0.442548,0.00309185,-0.798739,-0.615683
409,-0.429313,-nan,-0.440714,0.00261411,-0.784942,-0.624179
410,-0.429342,-nan,-0.441286,0.00372853,-0.799239,-0.621653
411,-0.429371,-nan,-0.441262,0.00392586,-0.799095,-0.603433
412,-0.429403,-nan,-0.442566,0.00279562,-0.812434,-0.609515
413,-0.429436,-nan,-0.443276,0.00323557,-0.811049,-0.610235
414,-0.429466,-nan,-0.441772,0.00196736,-0.800646,-0.601683
415,-0.429495,-nan,-0.441218,0.00293565,-0.800072,-0.613383
416,-0.429529,-nan,-0.443879,0.0031208,-0.811914,-0.615877
417,-0.429556,-nan,-0.440711,0.00332736,-0.798964,-0.622748
418,-0.429582,-nan,-0.440267,0.00498537,-0.810476,-0.628794
419,-0.429606,-nan,-0.439733,0.00470365,-0.826009,-0.619489
420,-0.429625,-nan,-0.43787,0.00367994,-0.803012,-0.61643
421,-0.429656,-nan,-0.442656,0.00301288,-0.800129,-0.611248
422,-0.429686,-nan,-0.442017,0.00304699,-0.790726,-0.611269
423,-0.429707,-nan,-0.43854,0.00553142,-0.784507,-0.634016
424,-0.429737,-nan,-0.442465,0.0034989,-0.788277,-0.621062
425,-0.429765,-nan,-0.441916,0.00477491,-0.819679,-0.610035
426,-0.429792,-nan,-0.44123,0.00218325,-0.813708,-0.617284
427,-0.429825,-nan,-0.443708,0.0041585,-0.802394,-0.615322
428,-0.429862,-nan,-0.445747,0.00327031,-0.797465,-0.617677
429,-0.429886,-nan,-0.440058,0.00240653,-0.810935,-0.598943
430,-0.429913,-nan,-0.441416,0.00320321,-0.815371,-0.612907
431,-0.429935,-nan,-0.439533,0.00455608,-0.779476,-0.619227
432,-0.429934,-nan,-0.429501,0.0038096,-0.754903,-0.653263
433,-0.429938,-nan,-0.431531,0.00680934,-0.751004,-0.620581
434,-0.429954,-nan,-0.437138,0.00503208,-0.767236,-0.607868
435,-0.429979,-nan,-0.440722,0.00320932,-0.80759,-0.615718
436,-0.430006,-nan,-0.441646,0.00292759,-0.799208,-0.619046
437,-0.430034,-nan,-0.442142,0.00316106,-0.783522,-0.613959
438,-0.430066,-nan,-0.444222,0.00329731,-0.80264,-0.614176
439,-0.430087,-nan,-0.439318,0.00464277,-0.808979,-0.636544
440,-0.430112,-nan,-0.441267,0.002752,-0.772509,-0.612759
441,-0.430124,-nan,-0.435155,0.00458174,-0.833758,-0.633469
442,-0.430148,-nan,-0.44077,0.00457493,-0.787761,-0.609848
443,-0.430178,-nan,-0.443433,0.00183486,-0.796419,-0.60944
444,-0.430208,-nan,-0.443643,0.00297529,-0.805616,-0.609418
445,-0.430232,-nan,-0.440988,0.00228289,-0.778678,-0.623657
446,-0.430258,-nan,-0.441538,0.00322563,-0.778436,-0.619801
447,-0.430287,-nan,-0.443089,0.00325015,-0.794055,-0.614794
448,-0.430315,-nan,-0.442864,0.00333758,-0.798439,-0.619844
449,-0.430339,-nan,-0.441292,0.00341025,-0.793156,-0.605961
450,-0.430359,-nan,-0.439395,0.00308526,-0.823979,-0.622093
451,-0.43038,-nan,-0.439797,0.00403267,-0.767328,-0.617073
452,-0.430407,-nan,-0.442444,0.00307396,-0.796974,-0.612299
453,-0.43043,-nan,-0.441139,0.00315051,-0.801926,-0.621247
454,-0.430457,-nan,-0.442387,0.00375433,-0.807895,-0.620902
455,-0.430474,-nan,-0.438095,0.00368783,-0.830341,-0.635869
456,-0.430497,-nan,-0.441348,0.00312998,-0.825433,-0.621067
457,-0.430521,-nan,-0.441071,0.00424131,-0.812705,-0.6039
458,-0.430546,-nan,-0.441986,0.00244652,-0.784013,-0.610673
459,-0.430569,-nan,-0.441292,0.00385258,-0.778768,-0.614997
460,-0.430595,-nan,-0.442374,0.00300457,-0.783889,-0.608231
461,-0.430618,-nan,-0.441374,0.00424883,-0.79458,-0.628182
462,-0.430645,-nan,-0.443203,0.00279088,-0.807464,-0.608797
463,-0.430669,-nan,-0.44171,0.00240299,-0.808465,-0.620471
464,-0.430695,-nan,-0.442586,0.00296601,-0.800486,-0.621755
465,-0.430709,-nan,-0.437035,0.00572631,-0.807861,-0.637719
466,-0.430737,-nan,-0.444137,0.00311692,-0.80498,-0.606342
467,-0.43076,-nan,-0.44111,0.0041442,-0.792306,-0.612556
468,-0.430784,-nan,-0.442217,0.00438504,-0.781665,-0.606773
469,-0.43081,-nan,-0.44304,0.00278211,-0.783988,-0.629608
470,-0.430835,-nan,-0.442496,0.00281721,-0.81252,-0.608024
471,-0.430853,-nan,-0.439168,0.00377872,-0.767283,-0.603513
472,-0.430875,-nan,-0.441285,0.004755,-0.780716,-0.626908
473,-0.430891,-nan,-0.438612,0.00442687,-0.77851,-0.621087
474,-0.430914,-nan,-0.441524,0.00460955,-0.814517,-0.617002
475,-0.430942,-nan,-0.444258,0.00221384,-0.807417,-0.615218
476,-0.430968,-nan,-0.443492,0.00350377,-0.794378,-0.616323
477,-0.43099,-nan,-0.441474,0.00293951,-0.7914,-0.623763
478,-0.431009,-nan,-0.440151,0.00312918,-0.797462,-0.621997
479,-0.431035,-nan,-0.443171,0.00372682,-0.81152,-0.617603
480,-0.431054,-nan,-0.440464,0.00335435,-0.812043,-0.592737
481,-0.431079,-nan,-0.443131,0.00274773,-0.805352,-0.618534
482,-0.431099,-nan,-0.440628,0.00378172,-0.791402,-0.627643
483,-0.431125,-nan,-0.443589,0.00264102,-0.817487,-0.61208
484,-0.431148,-nan,-0.442228,0.00332635,-0.790197,-0.60672
485,-0.431163,-nan,-0.438285,0.0029674,-0.769528,-0.603904
486,-0.431185,-nan,-0.442074,0.00356598,-0.792023,-0.606686
487,-0.431209,-nan,-0.442818,0.00285566,-0.79045,-0.609565
488,-0.431232,-nan,-0.442373,0.00322884,-0.814836,-0.616563
489,-0.431257,-nan,-0.443537,0.00415291,-0.79454,-0.609528
490,-0.431279,-nan,-0.441894,0.00301693,-0.79002,-0.624091
491,-0.431303,-nan,-0.443041,0.00282648,-0.816753,-0.617568
492,-0.431321,-nan,-0.440273,0.0039478,-0.804548,-0.615195
493,-0.431342,-nan,-0.44168,0.00370528,-0.777425,-0.61241
494,-0.431352,-nan,-0.436058,0.00443027,-0.778404,-0.594649
495,-0.431368,-nan,-0.439391,0.00446405,-0.779517,-0.604577
496,-0.431393,-nan,-0.443682,0.00209708,-0.789768,-0.619017
497,-0.431415,-nan,-0.442648,0.00313377,-0.796512,-0.608457
498,-0.431436,-nan,-0.441535,0.00328409,-0.7877,-0.61031
499,-0.431458,-nan,-0.442781,0.00467639,-0.795371,-0.626975
500,-0.431476,-nan,-0.440234,0.00346786,-0.803851,-0.613159
501,-0.431495,-nan,-0.441256,0.00289512,-0.796784,-0.606587
502,-0.431518,-nan,-0.442794,0.00296102,-0.783147,-0.617721
503,-0.431541,-nan,-0.443171,0.00268941,-0.798969,-0.616046
504,-0.431565,-nan,-0.443418,0.00265617,-0.812305,-0.61339
505,-0.431584,-nan,-0.441384,0.00352262,-0.790781,-0.622367
506,-0.431602,-nan,-0.440526,0.00314737,-0.776701,-0.607709
507,-0.431622,-nan,-0.44191,0.00374636,-0.791101,-0.616378
508,-0.431641,-nan,-0.441351,0.00424094,-0.796006,-0.634142
509,-0.431663,-nan,-0.442868,0.00262765,-0.806997,-0.625077
510,-0.431682,-nan,-0.441134,0.00300608,-0.825624,-0.616112
511,-0.431697,-nan,-0.439161,0.00377185,-0.803322,-0.626824
512,-0.431713,-nan,-0.440032,0.00384111,-0.808784,-0.63564
513,-0.431738,-nan,-0.44446,0.00390393,-0.801628,-0.613792
514,-0.431757,-nan,-0.441456,0.00351588,-0.798494,-0.601297
515,-0.431777,-nan,-0.442305,0.00366696,-0.803802,-0.617683
516,-0.431797,-nan,-0.441834,0.00513289,-0.813753,-0.620252
517,-0.431811,-nan,-0.439137,0.0045021,-0.830813,-0.618932
518,-0.431834,-nan,-0.443771,0.00383532,-0.804737,-0.611172
519,-0.431853,-nan,-0.441838,0.00478277,-0.805639,-0.608121
520,-0.431869,-nan,-0.440322,0.00361064,-0.801253,-0.614716
521,-0.431889,-nan,-0.442093,0.0026378,-0.81972,-0.607097
522,-0.431908,-nan,-0.441728,0.00332542,-0.810536,-0.608232
523,-0.431928,-nan,-0.442297,0.0036168,-0.782533,-0.624605
524,-0.431941,-nan,-0.43871,0.00293629,-0.769095,-0.61343
525,-0.431952,-nan,-0.43813,0.00339898,-0.780071,-0.614094
526,-0.431972,-nan,-0.44233,0.00324243,-0.816052,-0.619435
527,-0.431992,-nan,-0.442469,0.003954,-0.80934,-0.614683
528,-0.43201,-nan,-0.441596,0.00283727,-0.808245,-0.613203
529,-0.43203,-nan,-0.44269,0.00277011,-0.820101,-0.612003
530,-0.432048,-nan,-0.441162,0.00327178,-0.818485,-0.600307
531,-0.432062,-nan,-0.439559,0.00468103,-0.814915,-0.604009
532,-0.432079,-nan,-0.441367,0.00397805,-0.815568,-0.621191
533,-0.432095,-nan,-0.440566,0.00328571,-0.813792,-0.622738
534,-0.432115,-nan,-0.442804,0.00359897,-0.813702,-0.6269
535,-0.432125,-nan,-0.437169,0.00530054,-0.795059,-0.592021
536,-0.432146,-nan,-0.443644,0.00360493,-0.798788,-0.619313
537,-0.432156,-nan,-0.437408,0.0041734,-0.819889,-0.608367
538,-0.432177,-nan,-0.443563,0.0031627,-0.801941,-0.612605
539,-0.432192,-nan,-0.44031,0.00412409,-0.794328,-0.608941
540,-0.432202,-nan,-0.437475,0.00333353,-0.780508,-0.621033
541,-0.432216,-nan,-0.439837,0.00457589,-0.775975,-0.618437
542,-0.432225,-nan,-0.436911,0.00579672,-0.773576,-0.608248
543,-0.432242,-nan,-0.441388,0.00353831,-0.787369,-0.603576
544,-0.432259,-nan,-0.441825,0.00333167,-0.809214,-0.625646
545,-0.432277,-nan,-0.441922,0.00416639,-0.795806,-0.620997
546,-0.432298,-nan,-0.443702,0.00237284,-0.810974,-0.608064
547,-0.432317,-nan,-0.442555,0.00284177,-0.806882,-0.614881
548,-0.432325,-nan,-0.436767,0.00997301,-0.836656,-0.615163
549,-0.432325,-nan,-0.432358,0.00804837,-0.834968,-0.623425
550,-0.432337,-nan,-0.438708,0.00513119,-0.810987,-0.598883
551,-0.432355,-nan,-0.442697,0.00301688,-0.788602,-0.625457
552,-0.432378,-nan,-0.444578,0.00303922,-0.804068,-0.614686
553,-0.432401,-nan,-0.445305,0.00282598,-0.813624,-0.614336
554,-0.432412,-nan,-0.438727,0.00600908,-0.823778,-0.633792
555,-0.432426,-nan,-0.440129,0.00549791,-0.797514,-0.627346
556,-0.432444,-nan,-0.442575,0.00244605,-0.796327,-0.609684
557,-0.432462,-nan,-0.442277,0.00347792,-0.779618,-0.622124
558,-0.432471,-nan,-0.437366,0.00743562,-0.773629,-0.632718
559,-0.432492,-nan,-0.444455,0.00264386,-0.808428,-0.625723
560,-0.432492,-nan,-0.432369,0.00583215,-0.786862,-0.658204
561,-0.432503,-nan,-0.438838,0.00607238,-0.794801,-0.634839
562,-0.432523,-nan,-0.443327,0.00379648,-0.79935,-0.618966
563,-0.432539,-nan,-0.441551,0.00329176,-0.81806,-0.601965
564,-0.43256,-nan,-0.444478,0.00312781,-0.820837,-0.617415
565,-0.432574,-nan,-0.440494,0.00520932,-0.79961,-0.609815
566,-0.432593,-nan,-0.443206,0.00273572,-0.797467,-0.616634
567,-0.432611,-nan,-0.443176,0.00235786,-0.808271,-0.621912
568,-0.432625,-nan,-0.440385,0.00403316,-0.778694,-0.626446
569,-0.432643,-nan,-0.442775,0.00292321,-0.799411,-0.618632
570,-0.43266,-nan,-0.442274,0.00290658,-0.810537,-0.616904
571,-0.432673,-nan,-0.4402,0.00297119,-0.824172,-0.621613
572,-0.432688,-nan,-0.441107,0.00263176,-0.816643,-0.621903
573,-0.432702,-nan,-0.440589,0.00305522,-0.823011,-0.616076
574,-0.432718,-nan,-0.441855,0.00280589,-0.812921,-0.621156
575,-0.432729,-nan,-0.439329,0.00379845,-0.806931,-0.634052
576,-0.432742,-nan,-0.440131,0.00430342,-0.827522,-0.61768
577,-0.432749,-nan,-0.436703,0.00447281,-0.820763,-0.60414
578,-0.432764,-nan,-0.441411,0.00376748,-0.812425,-0.606989
579,-0.432776,-nan,-0.439828,0.0038548,-0.790076,-0.626908
580,-0.432788,-nan,-0.439643,0.00389978,-0.801703,-0.643571
581,-0.432801,-nan,-0.440686,0.00490285,-0.795065,-0.63721
582,-0.432816,-nan,-0.441339,0.00405259,-0.80058,-0.6245
583,-0.432835,-nan,-0.443806,0.0020749,-0.795202,-0.621431
584,-0.432853,-nan,-0.443134,0.00328138,-0.790246,-0.61115
585,-0.43287,-nan,-0.442856,0.00444197,-0.807372,-0.618708
586,-0.432883,-nan,-0.440738,0.00305393,-0.831468,-0.613343
587,-0.432893,-nan,-0.438769,0.0053253,-0.830597,-0.610061
588,-0.432907,-nan,-0.441278,0.00353401,-0.802183,-0.612851
589,-0.43292,-nan,-0.44058,0.00263188,-0.80973,-0.600917
590,-0.432935,-nan,-0.441855,0.0037757,-0.79139,-0.610043
591,-0.432953,-nan,-0.443262,0.00288643,-0.790336,-0.617414
592,-0.432975,-nan,-0.445908,0.00261637,-0.793329,-0.620971
593,-0.432992,-nan,-0.443029,0.0021793,-0.794726,-0.610662
594,-0.433007,-nan,-0.441933,0.00400583,-0.827848,-0.616316
595,-0.433022,-nan,-0.442102,0.00371915,-0.820214,-0.616075
596,-0.433039,-nan,-0.443018,0.00299518,-0.794414,-0.63232
597,-0.433049,-nan,-0.439156,0.0041055,-0.775089,-0.606469
598,-0.43306,-nan,-0.439235,0.00219362,-0.789966,-0.627479
599,-0.433077,-nan,-0.44355,0.002451,-0.802922,-0.6163
600,-0.43309,-nan,-0.440962,0.00185596,-0.787014,-0.604261
601,-0.433104,-nan,-0.441123,0.0028859,-0.779291,-0.624689
602,-0.433114,-nan,-0.439203,0.00284096,-0.778534,-0.597206
603,-0.433121,-nan,-0.437549,0.00385164,-0.793544,-0.593071
604,-0.433135,-nan,-0.441402,0.00314859,-0.807621,-0.619784
605,-0.433149,-nan,-0.441475,0.00285485,-0.783367,-0.630277
606,-0.433164,-nan,-0.442698,0.00357046,-0.791222,-0.613507
607,-0.433177,-nan,-0.441142,0.00315359,-0.799984,-0.622341
608,-0.433193,-nan,-0.442417,0.00232688,-0.787423,-0.627091
609,-0.433209,-nan,-0.443412,0.00215502,-0.806891,-0.618276
610,-0.433223,-nan,-0.441766,0.00406256,-0.827331,-0.611656
611,-0.433236,-nan,-0.440895,0.00319819,-0.811863,-0.626078
612,-0.43324,-nan,-0.435904,0.00436035,-0.76483,-0.618565
613,-0.433255,-nan,-0.442379,0.00389494,-0.794812,-0.61468
614,-0.433269,-nan,-0.441662,0.00232782,-0.78803,-0.614455
615,-0.433285,-nan,-0.442867,0.0034238,-0.808143,-0.614899
616,-0.433282,-nan,-0.431468,0.00776571,-0.848621,-0.632204
617,-0.433284,-nan,-0.434665,0.00607435,-0.844375,-0.618604
618,-0.433293,-nan,-0.438838,0.00457481,-0.833289,-0.62478
619,-0.43331,-nan,-0.443998,0.00304294,-0.805173,-0.620002
620,-0.433322,-nan,-0.440412,0.00286251,-0.801219,-0.601394
621,-0.433337,-nan,-0.442741,0.00318423,-0.808033,-0.611061
622,-0.433353,-nan,-0.443678,0.00338617,-0.813573,-0.616826
623,-0.433361,-nan,-0.438269,0.00498453,-0.827125,-0.610333
624,-0.433368,-nan,-0.437823,0.00549964,-0.82333,-0.623492
625,-0.433386,-nan,-0.444405,0.00342888,-0.806053,-0.608824
626,-0.433399,-nan,-0.441392,0.00344843,-0.784807,-0.612403
627,-0.433416,-nan,-0.444117,0.00274142,-0.808047,-0.618999
628,-0.433427,-nan,-0.44058,0.00484012,-0.79499,-0.630607
629,-0.43344,-nan,-0.441088,0.00361328,-0.811144,-0.624946
630,-0.433454,-nan,-0.442246,0.00433578,-0.805121,-0.616124
631,-0.433466,-nan,-0.441313,0.00344265,-0.813832,-0.602277
632,-0.433478,-nan,-0.441229,0.00392606,-0.798866,-0.622827
633,-0.433487,-nan,-0.439044,0.00577501,-0.831041,-0.621457
634,-0.433502,-nan,-0.442681,0.00381819,-0.813639,-0.621334
635,-0.433507,-nan,-0.437194,0.00601748,-0.826205,-0.627204
636,-0.433524,-nan,-0.443853,0.00384449,-0.813814,-0.620095
637,-0.43353,-nan,-0.437768,0.00468066,-0.820248,-0.634734
638,-0.433542,-nan,-0.440934,0.00223371,-0.826998,-0.616561
639,-0.433557,-nan,-0.442982,0.00294252,-0.784048,-0.623458
640,-0.433571,-nan,-0.442545,0.00378208,-0.791065,-0.609935
641,-0.433584,-nan,-0.442191,0.0044565,-0.78354,-0.618105
642,-0.433601,-nan,-0.444529,0.00337084,-0.798343,-0.613966
643,-0.433614,-nan,-0.441906,0.00403137,-0.799993,-0.62202
644,-0.433625,-nan,-0.44087,0.00366395,-0.82642,-0.624766
645,-0.433639,-nan,-0.442206,0.0032441,-0.819082,-0.618089
646,-0.433646,-nan,-0.438152,0.00366805,-0.782404,-0.640207
647,-0.433655,-nan,-0.439884,0.00451704,-0.787248,-0.627787
648,-0.433666,-nan,-0.440583,0.0033264,-0.778987,-0.624262
649,-0.433677,-nan,-0.440792,0.00348115,-0.791833,-0.624796
650,-0.433686,-nan,-0.439733,0.0048205,-0.781953,-0.622098
651,-0.433699,-nan,-0.441852,0.00396303,-0.799678,-0.620319
652,-0.433713,-nan,-0.442944,0.00326315,-0.779507,-0.624013
653,-0.433726,-nan,-0.442122,0.00353608,-0.801626,-0.617747
654,-0.43374,-nan,-0.442791,0.00220424,-0.786168,-0.618206
655,-0.433751,-nan,-0.440979,0.00462384,-0.808331,-0.629393
656,-0.433749,-nan,-0.432562,0.00747777,-0.782475,-0.6518
657,-0.433756,-nan,-0.438429,0.00560302,-0.780488,-0.630014
658,-0.433767,-nan,-0.441085,0.00412706,-0.802418,-0.626774
659,-0.433778,-nan,-0.440689,0.00412443,-0.791718,-0.626293
660,-0.433791,-nan,-0.442259,0.00368727,-0.795864,-0.624092
661,-0.4338,-nan,-0.44028,0.00296457,-0.786192,-0.619419
662,-0.43381,-nan,-0.440369,0.00383083,-0.81396,-0.616741
663,-0.433822,-nan,-0.441808,0.00280706,-0.80889,-0.60893
664,-0.433838,-nan,-0.444101,0.00275601,-0.792788,-0.613536
665,-0.433851,-nan,-0.442659,0.00339171,-0.792867,-0.617922
666,-0.433866,-nan,-0.443719,0.00305764,-0.784069,-0.609176
667,-0.433879,-nan,-0.442814,0.00387616,-0.80972,-0.607018
668,-0.433894,-nan,-0.443358,0.00342798,-0.800196,-0.611888
669,-0.433908,-nan,-0.443344,0.00327443,-0.787355,-0.621353
670,-0.43392,-nan,-0.442383,0.00323963,-0.800497,-0.61717
671,-0.433933,-nan,-0.442148,0.00260338,-0.796348,-0.63144
672,-0.433941,-nan,-0.439879,0.00285838,-0.791179,-0.63025
673,-0.433952,-nan,-0.441195,0.00286454,-0.818818,-0.620031
674,-0.433966,-nan,-0.44344,0.00151736,-0.794842,-0.625202
675,-0.433971,-nan,-0.437158,0.00383951,-0.761073,-0.621413
676,-0.433981,-nan,-0.440538,0.00256695,-0.782478,-0.60575
677,-0.433996,-nan,-0.444016,0.00202786,-0.803363,-0.615209
678,-0.434008,-nan,-0.442551,0.00340822,-0.8153,-0.624554
679,-0.434013,-nan,-0.437463,0.00585804,-0.835841,-0.616246
680,-0.434024,-nan,-0.441222,0.0034129,-0.796559,-0.602928
681,-0.434035,-nan,-0.441659,0.00319211,-0.824685,-0.617833
682,-0.434044,-nan,-0.439784,0.0032598,-0.82539,-0.625019
683,-0.434056,-nan,-0.442607,0.00308089,-0.824715,-0.619899
684,-0.434067,-nan,-0.44125,0.00375334,-0.805415,-0.618425
685,-0.434081,-nan,-0.443627,0.00439676,-0.811163,-0.629363
686,-0.434091,-nan,-0.441283,0.003997,-0.818672,-0.628391
687,-0.434102,-nan,-0.4415,0.0052177,-0.812369,-0.628644
688,-0.434114,-nan,-0.442384,0.00392476,-0.821459,-0.623633
689,-0.43412,-nan,-0.438587,0.0068688,-0.830697,-0.628265
690,-0.434134,-nan,-0.443495,0.00271365,-0.808199,-0.613075
691,-0.434151,-nan,-0.445563,0.00266166,-0.795918,-0.619019
692,-0.43416,-nan,-0.441007,0.00343032,-0.776007,-0.614664
693,-0.434162,-nan,-0.435083,0.00509405,-0.759216,-0.6212
694,-0.434168,-nan,-0.438662,0.00318404,-0.799102,-0.603004
695,-0.434181,-nan,-0.443172,0.00311685,-0.813334,-0.612078
696,-0.434194,-nan,-0.442774,0.00248067,-0.800303,-0.615539
697,-0.434207,-nan,-0.443514,0.00363418,-0.805723,-0.611848
698,-0.434219,-nan,-0.442998,0.00469497,-0.805381,-0.621085
699,-0.434232,-nan,-0.443182,0.0036399,-0.807493,-0.618711
700,-0.434245,-nan,-0.443447,0.00190359,-0.792316,-0.61727
701,-0.434256,-nan,-0.441554,0.00332398,-0.785539,-0.624217
702,-0.434263,-nan,-0.439226,0.0045401,-0.794093,-0.644058
703,-0.434264,-nan,-0.434998,0.00269545,-0.76802,-0.642774
704,-0.434273,-nan,-0.44073,0.00333051,-0.786743,-0.617416
705,-0.434283,-nan,-0.441048,0.00412223,-0.784017,-0.617109
706,-0.434294,-nan,-0.442184,0.00296284,-0.795629,-0.607812
707,-0.434306,-nan,-0.442728,0.0037183,-0.792875,-0.630279
708,-0.434316,-nan,-0.441377,0.00492813,-0.798565,-0.635954
709,-0.434327,-nan,-0.442466,0.00314222,-0.810137,-0.632275
710,-0.434336,-nan,-0.440354,0.00567894,-0.807427,-0.626394
711,-0.434347,-nan,-0.441994,0.00167744,-0.799397,-0.603766
712,-0.434358,-nan,-0.44215,0.00338545,-0.79442,-0.617225
713,-0.434367,-nan,-0.441175,0.00229601,-0.777299,-0.616354
714,-0.434381,-nan,-0.444292,0.00357807,-0.805259,-0.615723
715,-0.434387,-nan,-0.438676,0.00369892,-0.80139,-0.642735
716,-0.434394,-nan,-0.439081,0.0047893,-0.809906,-0.622992
717,-0.434405,-nan,-0.442735,0.00260986,-0.799244,-0.616592
718,-0.434418,-nan,-0.443728,0.00440072,-0.810259,-0.617644
719,-0.43443,-nan,-0.443094,0.00317669,-0.823156,-0.619145
720,-0.434442,-nan,-0.44287,0.00324503,-0.804988,-0.619483
721,-0.434452,-nan,-0.441896,0.00499824,-0.800611,-0.633344
722,-0.43446,-nan,-0.439824,0.00316069,-0.777055,-0.621077
723,-0.434469,-nan,-0.441212,0.00379499,-0.786497,-0.616973
724,-0.434477,-nan,-0.440188,0.00343135,-0.774192,-0.610394
725,-0.434489,-nan,-0.443411,0.00344127,-0.804788,-0.613077
726,-0.434502,-nan,-0.443628,0.00393991,-0.788949,-0.617928
727,-0.434513,-nan,-0.44283,0.00233168,-0.791143,-0.615213
728,-0.434525,-nan,-0.44304,0.0033079,-0.791521,-0.615966
729,-0.434535,-nan,-0.441422,0.00242934,-0.777502,-0.615148
730,-0.434544,-nan,-0.441263,0.00350709,-0.792222,-0.620284
731,-0.434555,-nan,-0.442769,0.00460869,-0.808591,-0.619155
732,-0.434568,-nan,-0.444011,0.00305687,-0.808102,-0.615603
733,-0.434577,-nan,-0.440849,0.00489463,-0.782427,-0.61047
734,-0.43459,-nan,-0.444081,0.00350866,-0.786836,-0.618162
735,-0.434602,-nan,-0.443654,0.0038415,-0.803441,-0.61765
736,-0.434616,-nan,-0.44519,0.00351984,-0.790733,-0.619369
737,-0.434623,-nan,-0.439713,0.00352165,-0.824443,-0.617858
738,-0.43463,-nan,-0.439613,0.00354085,-0.832678,-0.615538
739,-0.43464,-nan,-0.441772,0.00370609,-0.810056,-0.603496
740,-0.43465,-nan,-0.442346,0.00289367,-0.81228,-0.615894
741,-0.434662,-nan,-0.443453,0.00329821,-0.789528,-0.620525
742,-0.434673,-nan,-0.443259,0.00304644,-0.813124,-0.619715
743,-0.434685,-nan,-0.442896,0.00338434,-0.793234,-0.611875
744,-0.434696,-nan,-0.443173,0.00229684,-0.805172,-0.609686
745,-0.434706,-nan,-0.44227,0.00237641,-0.799809,-0.612126
746,-0.434715,-nan,-0.441501,0.00633121,-0.807383,-0.634003
747,-0.434718,-nan,-0.437117,0.0068108,-0.819067,-0.635079
748,-0.434729,-nan,-0.442294,0.00281291,-0.785423,-0.616933
749,-0.434741,-nan,-0.443874,0.00277764,-0.778229,-0.621195
750,-0.43475,-nan,-0.44154,0.00246252,-0.771485,-0.621591
751,-0.43476,-nan,-0.442134,0.00242284,-0.785051,-0.615864
752,-0.434773,-nan,-0.444561,0.00284855,-0.796011,-0.614774
753,-0.434784,-nan,-0.44355,0.00330493,-0.807638,-0.615772
754,-0.434793,-nan,-0.441022,0.00318457,-0.787785,-0.634498
755,-0.4348,-nan,-0.44061,0.00239494,-0.778496,-0.618533
756,-0.434811,-nan,-0.443228,0.00257106,-0.794694,-0.61209
757,-0.434825,-nan,-0.444779,0.00372215,-0.79718,-0.609785
758,-0.434826,-nan,-0.436161,0.00407653,-0.758427,-0.642008
759,-0.434835,-nan,-0.441321,0.00370508,-0.778697,-0.616624
760,-0.434841,-nan,-0.439559,0.00395329,-0.820265,-0.616199
761,-0.434852,-nan,-0.443126,0.00371768,-0.798905,-0.628505
762,-0.434861,-nan,-0.441415,0.0038308,-0.814234,-0.606141
763,-0.434867,-nan,-0.439934,0.00345678,-0.836373,-0.618079
764,-0.434875,-nan,-0.440376,0.00251677,-0.829843,-0.619936
765,-0.434881,-nan,-0.439542,0.00472087,-0.836205,-0.611535
766,-0.434886,-nan,-0.438856,0.0028773,-0.840517,-0.614217
767,-0.434887,-nan,-0.436145,0.00456689,-0.844832,-0.617297
768,-0.434894,-nan,-0.439624,0.00516121,-0.811715,-0.622948
769,-0.434904,-nan,-0.442968,0.0026688,-0.816471,-0.611817
770,-0.434911,-nan,-0.440551,0.00296759,-0.784778,-0.610647
771,-0.43492,-nan,-0.441231,0.00409432,-0.795844,-0.62313
772,-0.43493,-nan,-0.443123,0.00358057,-0.804624,-0.621214
773,-0.43494,-nan,-0.442243,0.0033595,-0.793227,-0.614474
774,-0.434953,-nan,-0.444828,0.00252811,-0.793824,-0.619954
775,-0.434955,-nan,-0.436499,0.00315786,-0.773177,-0.632398
776,-0.43496,-nan,-0.439414,0.00447438,-0.787753,-0.634276
777,-0.434967,-nan,-0.440362,0.00563973,-0.813604,-0.632878
778,-0.434978,-nan,-0.44343,0.00328396,-0.78916,-0.623366
779,-0.434984,-nan,-0.439206,0.00543095,-0.806212,-0.631633
780,-0.43499,-nan,-0.44011,0.00352406,-0.822845,-0.618948
781,-0.435,-nan,-0.442724,0.00441895,-0.797145,-0.623331
782,-0.435008,-nan,-0.440991,0.00276416,-0.814364,-0.596307
783,-0.435018,-nan,-0.443115,0.00237294,-0.803399,-0.604856
784,-0.435028,-nan,-0.442815,0.00302893,-0.806669,-0.615579
785,-0.435036,-nan,-0.441314,0.00200354,-0.811315,-0.618965
786,-0.435044,-nan,-0.441417,0.00270261,-0.822215,-0.609453
787,-0.435053,-nan,-0.441995,0.00331526,-0.806142,-0.616266
788,-0.435063,-nan,-0.443112,0.00344615,-0.80163,-0.619425
789,-0.435073,-nan,-0.443084,0.00263609,-0.792372,-0.619253
790,-0.435076,-nan,-0.437574,0.00379805,-0.761411,-0.609484
791,-0.435083,-nan,-0.440203,0.00203628,-0.766425,-0.608738
792,-0.435087,-nan,-0.43814,0.00448623,-0.769009,-0.626603
793,-0.435096,-nan,-0.442376,0.00396227,-0.79565,-0.620493
794,-0.435101,-nan,-0.439353,0.00497179,-0.809286,-0.634396
795,-0.435102,-nan,-0.435821,0.00492853,-0.832838,-0.633213
796,-0.435112,-nan,-0.443045,0.003734,-0.812192,-0.622791
797,-0.435116,-nan,-0.437865,0.00459817,-0.814799,-0.597114
798,-0.435124,-nan,-0.441678,0.00388988,-0.7973,-0.600068
799,-0.435132,-nan,-0.441612,0.00344122,-0.809036,-0.628869
800,-0.435139,-nan,-0.440356,0.00405521,-0.828264,-0.623968
801,-0.435145,-nan,-0.440246,0.00276089,-0.815446,-0.609451
802,-0.435151,-nan,-0.440215,0.00192852,-0.775906,-0.614512
803,-0.435159,-nan,-0.441507,0.00565616,-0.816009,-0.607455
804,-0.435165,-nan,-0.440006,0.00350607,-0.825572,-0.624416
805,-0.435176,-nan,-0.443717,0.00368408,-0.807423,-0.616953
806,-0.435187,-nan,-0.443801,0.00324687,-0.789947,-0.62186
807,-0.435194,-nan,-0.441369,0.00404424,-0.789306,-0.634408
808,-0.435204,-nan,-0.442986,0.00365097,-0.802368,-0.617846
809,-0.435212,-nan,-0.441474,0.0025727,-0.790685,-0.618126
810,-0.43522,-nan,-0.441683,0.00385021,-0.802281,-0.60291
811,-0.435224,-nan,-0.439026,0.0035329,-0.806607,-0.640358
812,-0.435234,-nan,-0.442961,0.00318334,-0.813997,-0.613576
813,-0.435243,-nan,-0.442924,0.00277312,-0.796906,-0.628415
814,-0.435252,-nan,-0.442701,0.00311493,-0.806509,-0.618745
815,-0.435257,-nan,-0.439315,0.00330475,-0.81528,-0.625024
816,-0.435269,-nan,-0.444355,0.00226174,-0.802455,-0.622416
817,-0.435275,-nan,-0.440885,0.00245433,-0.797496,-0.619856
818,-0.435278,-nan,-0.437705,0.00306827,-0.762898,-0.623042
819,-0.435285,-nan,-0.44028,0.00439036,-0.774764,-0.625307
820,-0.435289,-nan,-0.438649,0.00427643,-0.773969,-0.623824
821,-0.435294,-nan,-0.43943,0.0037903,-0.826826,-0.612794
822,-0.435303,-nan,-0.442867,0.00332023,-0.809917,-0.623267
823,-0.435312,-nan,-0.442561,0.00264414,-0.793028,-0.610408
824,-0.43532,-nan,-0.442347,0.00370807,-0.783165,-0.622235
825,-0.435329,-nan,-0.442508,0.00308167,-0.792245,-0.607164
826,-0.435338,-nan,-0.442837,0.00368106,-0.799759,-0.615505
827,-0.435347,-nan,-0.44278,0.00394539,-0.795561,-0.606684
828,-0.435355,-nan,-0.441729,0.00396472,-0.778204,-0.610443
829,-0.435364,-nan,-0.442688,0.00305503,-0.785093,-0.621824
830,-0.43537,-nan,-0.440806,0.00342007,-0.770805,-0.609526
831,-0.43538,-nan,-0.443282,0.0032761,-0.783994,-0.616948
832,-0.435389,-nan,-0.442801,0.00243599,-0.805794,-0.617716
833,-0.435397,-nan,-0.442104,0.00272435,-0.808623,-0.603756
834,-0.435405,-nan,-0.442152,0.00314283,-0.798919,-0.613038
835,-0.435414,-nan,-0.442743,0.00427689,-0.808141,-0.606626
836,-0.43542,-nan,-0.440922,0.00284221,-0.823332,-0.608416
837,-0.435428,-nan,-0.442038,0.00286458,-0.811721,-0.605094
838,-0.435435,-nan,-0.4411,0.00421246,-0.805941,-0.631799
839,-0.435443,-nan,-0.442403,0.00301079,-0.800661,-0.630349
840,-0.435451,-nan,-0.441792,0.00267928,-0.798033,-0.620563
841,-0.435459,-nan,-0.44211,0.00214945,-0.810057,-0.605144
842,-0.435467,-nan,-0.442817,0.0044833,-0.801886,-0.628098
843,-0.435477,-nan,-0.443436,0.00403497,-0.800398,-0.621929
844,-0.435485,-nan,-0.442164,0.00207466,-0.811693,-0.61779
845,-0.435486,-nan,-0.4362,0.00491606,-0.797817,-0.638279
846,-0.435492,-nan,-0.440984,0.0036604,-0.787176,-0.623488
847,-0.435499,-nan,-0.441616,0.00402823,-0.781466,-0.615519
848,-0.435505,-nan,-0.44027,0.00340653,-0.824408,-0.621945
849,-0.435515,-nan,-0.444326,0.00295749,-0.802362,-0.609811
850,-0.43552,-nan,-0.439751,0.00375187,-0.794703,-0.617494
851,-0.435532,-nan,-0.445549,0.00263979,-0.791541,-0.616842
852,-0.435543,-nan,-0.444564,0.00296943,-0.807344,-0.614834
853,-0.43555,-nan,-0.441981,0.00334904,-0.795898,-0.606433
854,-0.435557,-nan,-0.441086,0.00266529,-0.799726,-0.61868
855,-0.435564,-nan,-0.441543,0.0041696,-0.817767,-0.60413
856,-0.435571,-nan,-0.441951,0.00457493,-0.791679,-0.620912
857,-0.435576,-nan,-0.439702,0.00330841,-0.796319,-0.641246
858,-0.435581,-nan,-0.440061,0.00336537,-0.80742,-0.636711
859,-0.435587,-nan,-0.440852,0.00349869,-0.780238,-0.627317
860,-0.435595,-nan,-0.441767,0.00355521,-0.800933,-0.613457
861,-0.435602,-nan,-0.442202,0.00250238,-0.810393,-0.608523
862,-0.435601,-nan,-0.434444,0.00632829,-0.755401,-0.621223
863,-0.435601,-nan,-0.435462,0.00655841,-0.759633,-0.620644
864,-0.43561,-nan,-0.443662,0.00299819,-0.789612,-0.613399
865,-0.435619,-nan,-0.443225,0.00356045,-0.791728,-0.623769
866,-0.435624,-nan,-0.439689,0.00352941,-0.771262,-0.612709
867,-0.435631,-nan,-0.44252,0.00381973,-0.79405,-0.618487
868,-0.435639,-nan,-0.44187,0.00414768,-0.805811,-0.630657
869,-0.435642,-nan,-0.438666,0.00434065,-0.792157,-0.644038
870,-0.435649,-nan,-0.441284,0.00406832,-0.790486,-0.620506
871,-0.435656,-nan,-0.442058,0.00291251,-0.788046,-0.625163
872,-0.435663,-nan,-0.441621,0.0027564,-0.807724,-0.614715
873,-0.43567,-nan,-0.442235,0.00343358,-0.822375,-0.604899
874,-0.435677,-nan,-0.441394,0.00320169,-0.773051,-0.62215
875,-0.435684,-nan,-0.441917,0.00280094,-0.782065,-0.610083
876,-0.435693,-nan,-0.443839,0.00372365,-0.809572,-0.62308
877,-0.435701,-nan,-0.442219,0.00366054,-0.794033,-0.622535
878,-0.435707,-nan,-0.441226,0.00388837,-0.798746,-0.609426
879,-0.435713,-nan,-0.441063,0.00310594,-0.812598,-0.603871
880,-0.435722,-nan,-0.443098,0.00157662,-0.80744,-0.623817
881,-0.43573,-nan,-0.443365,0.00173383,-0.778728,-0.619237
882,-0.435737,-nan,-0.44152,0.00253954,-0.781078,-0.619759
883,-0.435745,-nan,-0.442976,0.00263406,-0.80209,-0.608784
884,-0.435753,-nan,-0.442465,0.00307961,-0.798473,-0.605028
885,-0.435761,-nan,-0.443096,0.00386399,-0.808698,-0.61953
886,-0.435765,-nan,-0.439725,0.00424947,-0.825536,-0.608369
887,-0.435772,-nan,-0.441519,0.00235295,-0.779762,-0.607945
888,-0.435775,-nan,-0.438463,0.0026593,-0.771575,-0.628131
889,-0.435773,-nan,-0.43367,0.00473624,-0.747552,-0.620507
890,-0.435769,-nan,-0.43221,0.00670547,-0.758113,-0.597601
891,-0.435768,-nan,-0.435302,0.00418295,-0.754525,-0.607537
892,-0.435772,-nan,-0.439622,0.00375112,-0.771864,-0.620678
893,-0.435781,-nan,-0.443384,0.00265066,-0.807895,-0.613146
894,-0.435787,-nan,-0.440949,0.00321643,-0.823837,-0.60908
895,-0.435795,-nan,-0.442939,0.00222191,-0.821994,-0.611154
896,-0.4358,-nan,-0.440931,0.00490223,-0.820698,-0.613295
897,-0.435805,-nan,-0.439648,0.00289763,-0.785087,-0.600836
898,-0.435813,-nan,-0.442912,0.00268891,-0.80836,-0.601287
899,-0.43582,-nan,-0.442539,0.00209901,-0.813058,-0.612427
900,-0.435819,-nan,-0.434918,0.00533977,-0.847008,-0.628347
901,-0.435821,-nan,-0.437166,0.00424776,-0.839222,-0.620415
902,-0.435823,-nan,-0.438049,0.00362678,-0.818426,-0.607652
903,-0.43583,-nan,-0.441724,0.0038275,-0.812117,-0.627447
904,-0.435835,-nan,-0.44104,0.00369203,-0.827201,-0.622278
905,-0.435842,-nan,-0.442207,0.00367373,-0.81184,-0.607592
906,-0.435851,-nan,-0.44329,0.0031779,-0.793828,-0.622346
907,-0.435855,-nan,-0.440145,0.00392463,-0.788042,-0.632283
908,-0.435859,-nan,-0.439137,0.00469065,-0.803474,-0.605499
909,-0.435867,-nan,-0.443098,0.0031372,-0.815548,-0.614196
910,-0.435872,-nan,-0.440688,0.00419405,-0.8022,-0.627352
911,-0.435877,-nan,-0.439865,0.00469369,-0.777129,-0.611757
912,-0.43588,-nan,-0.439285,0.00197382,-0.763222,-0.625502
913,-0.435885,-nan,-0.440262,0.00319524,-0.774219,-0.606678
914,-0.43589,-nan,-0.440642,0.0036137,-0.794482,-0.602299
915,-0.435899,-nan,-0.44384,0.00449271,-0.806414,-0.610524
916,-0.435907,-nan,-0.44313,0.00181278,-0.789522,-0.617276
917,-0.435915,-nan,-0.443298,0.00267887,-0.793642,-0.620019
918,-0.435924,-nan,-0.444669,0.00220461,-0.786958,-0.624157
919,-0.435926,-nan,-0.43695,0.00675525,-0.792469,-0.597856
920,-0.435927,-nan,-0.437171,0.00690536,-0.786097,-0.603739
921,-0.435932,-nan,-0.440953,0.00271367,-0.802413,-0.629013
922,-0.435941,-nan,-0.443575,0.00399837,-0.802378,-0.621244
923,-0.435947,-nan,-0.442086,0.00288506,-0.817663,-0.612298
924,-0.435954,-nan,-0.442204,0.0031465,-0.803251,-0.615739
925,-0.435962,-nan,-0.443474,0.00248797,-0.785818,-0.617755
926,-0.435965,-nan,-0.438604,0.00468147,-0.771925,-0.629
927,-0.43597,-nan,-0.440077,0.00345139,-0.781149,-0.624939
928,-0.435978,-nan,-0.443593,0.00320603,-0.789913,-0.607393
929,-0.435986,-nan,-0.443683,0.00220365,-0.787739,-0.615653
930,-0.435992,-nan,-0.441927,0.00365733,-0.80319,-0.612832
931,-0.436,-nan,-0.442933,0.00326862,-0.806953,-0.623759
932,-0.436008,-nan,-0.443233,0.00343408,-0.800726,-0.616853
933,-0.436012,-nan,-0.440053,0.00546978,-0.802118,-0.596392
934,-0.436019,-nan,-0.442884,0.00321482,-0.809647,-0.605594
935,-0.436028,-nan,-0.443931,0.00299436,-0.807897,-0.61645
936,-0.436034,-nan,-0.442112,0.00370992,-0.812171,-0.607659
937,-0.436044,-nan,-0.445438,0.00341188,-0.79842,-0.606233
938,-0.436051,-nan,-0.441978,0.0030213,-0.784779,-0.624014
939,-0.436052,-nan,-0.43751,0.00385203,-0.803372,-0.641728
940,-0.43606,-nan,-0.442908,0.00377109,-0.811842,-0.632608
941,-0.436065,-nan,-0.440839,0.00413784,-0.796463,-0.627873
942,-0.436072,-nan,-0.442719,0.00182957,-0.794256,-0.616447
943,-0.436078,-nan,-0.441915,0.00324146,-0.812855,-0.624064
944,-0.436087,-nan,-0.444811,0.00225059,-0.804875,-0.610393
945,-0.436097,-nan,-0.445106,0.0031106,-0.802577,-0.615525
946,-0.436104,-nan,-0.443079,0.00365393,-0.818763,-0.61512
947,-0.436112,-nan,-0.444001,0.00313207,-0.810798,-0.620855
948,-0.436118,-nan,-0.441406,0.00383109,-0.790671,-0.62481
949,-0.436122,-nan,-0.439555,0.00310602,-0.778749,-0.624481
950,-0.43613,-nan,-0.44429,0.00277292,-0.812798,-0.616939
951,-0.436133,-nan,-0.43924,0.00262739,-0.831828,-0.627548
952,-0.436135,-nan,-0.437336,0.00295086,-0.795526,-0.608282
953,-0.436136,-nan,-0.437092,0.00254031,-0.761195,-0.60778
954,-0.43614,-nan,-0.439997,0.00369959,-0.775071,-0.606239
955,-0.436146,-nan,-0.442419,0.00316328,-0.820052,-0.609458
956,-0.436149,-nan,-0.438451,0.0038996,-0.829911,-0.606385
957,-0.436152,-nan,-0.439485,0.00520248,-0.822164,-0.603629
958,-0.436156,-nan,-0.439395,0.00322444,-0.830215,-0.610428
959,-0.436163,-nan,-0.443527,0.00295353,-0.813534,-0.620074
960,-0.436168,-nan,-0.440978,0.00433857,-0.799899,-0.638481
961,-0.436177,-nan,-0.444276,0.00348145,-0.801422,-0.615987
962,-0.436181,-nan,-0.440206,0.00389464,-0.818873,-0.609689
963,-0.436189,-nan,-0.443889,0.0026717,-0.79556,-0.60637
964,-0.436195,-nan,-0.442286,0.00296728,-0.798816,-0.602622
965,-0.436199,-nan,-0.439456,0.00384674,-0.830187,-0.626706
966,-0.436206,-nan,-0.443577,0.00265197,-0.80594,-0.625129
967,-0.436211,-nan,-0.440334,0.00434301,-0.816107,-0.605808
968,-0.436217,-nan,-0.442264,0.00282968,-0.800721,-0.625846
969,-0.436218,-nan,-0.437738,0.00398604,-0.774615,-0.64208
970,-0.436224,-nan,-0.441176,0.00532867,-0.776166,-0.622149
971,-0.43623,-nan,-0.44261,0.00195398,-0.796578,-0.613372
972,-0.436238,-nan,-0.4443,0.00329939,-0.791816,-0.620347
973,-0.436244,-nan,-0.44126,0.00298125,-0.787754,-0.599301
974,-0.436249,-nan,-0.441344,0.00326367,-0.77378,-0.619157
975,-0.436253,-nan,-0.44066,0.00333524,-0.787924,-0.625529
976,-0.436261,-nan,-0.443976,0.00444154,-0.795692,-0.61213
977,-0.436267,-nan,-0.442014,0.00305164,-0.7972,-0.616999
978,-0.436271,-nan,-0.440333,0.00305928,-0.775097,-0.608082
979,-0.436278,-nan,-0.442877,0.00275674,-0.797252,-0.614446
980,-0.436285,-nan,-0.443283,0.00239296,-0.789717,-0.618526
981,-0.43629,-nan,-0.440872,0.00330061,-0.774433,-0.614398
982,-0.436294,-nan,-0.440639,0.00412511,-0.794821,-0.633553
983,-0.4363,-nan,-0.442212,0.00418649,-0.806205,-0.614933
984,-0.436303,-nan,-0.438936,0.00373343,-0.83099,-0.614693
985,-0.436308,-nan,-0.441231,0.0033629,-0.798499,-0.603878
986,-0.436315,-nan,-0.443208,0.00337071,-0.78538,-0.615639
987,-0.436319,-nan,-0.440124,0.00341937,-0.799598,-0.601222
988,-0.436326,-nan,-0.442985,0.00245613,-0.814361,-0.607801
989,-0.436332,-nan,-0.443047,0.0034876,-0.793609,-0.604094
990,-0.436339,-nan,-0.4428,0.0044288,-0.790718,-0.60971
991,-0.436335,-nan,-0.432428,0.00406819,-0.75234,-0.594966
992,-0.436338,-nan,-0.439682,0.00503502,-0.780407,-0.598743
993,-0.436343,-nan,-0.441124,0.00299535,-0.781313,-0.628083
994,-0.436349,-nan,-0.442472,0.00278822,-0.781173,-0.625917
995,-0.436348,-nan,-0.435291,0.00414346,-0.778087,-0.649685
996,-0.436351,-nan,-0.43938,0.00468459,-0.777674,-0.612547
997,-0.436357,-nan,-0.441997,0.00314876,-0.796,-0.61855
998,-0.436362,-nan,-0.440905,0.00439645,-0.817314,-0.629213
999,-0.436362,-nan,-0.437206,0.0050201,-0.801475,-0.64513
1000,-0.436369,-nan,-0.442659,0.00329212,-0.796,-0.629614
1001,-0.436375,-nan,-0.443035,0.00284643,-0.80557,-0.603805
1002,-0.436377,-nan,-0.438217,0.00540477,-0.831233,-0.608097
1003,-0.436384,-nan,-0.443088,0.0038202,-0.818904,-0.623259
1004,-0.436392,-nan,-0.444534,0.00362797,-0.806835,-0.617271
1005,-0.436397,-nan,-0.441295,0.00389382,-0.776579,-0.608488
1006,-0.436403,-nan,-0.442796,0.00250187,-0.781339,-0.617893
1007,-0.43641,-nan,-0.442933,0.00268252,-0.777531,-0.615131
1008,-0.43641,-nan,-0.436798,0.00501934,-0.791584,-0.644299
1009,-0.436418,-nan,-0.44423,0.00238664,-0.79279,-0.620539
1010,-0.436422,-nan,-0.44081,0.0048331,-0.819368,-0.615138
1011,-0.436429,-nan,-0.442943,0.00337798,-0.823781,-0.618267
1012,-0.436434,-nan,-0.441927,0.00232065,-0.818205,-0.609126
1013,-0.43644,-nan,-0.442916,0.00278734,-0.793128,-0.601369
1014,-0.436447,-nan,-0.443092,0.00332013,-0.791619,-0.627607
1015,-0.436452,-nan,-0.441448,0.00310135,-0.788609,-0.62964
1016,-0.436458,-nan,-0.443074,0.00382936,-0.802918,-0.611018
1017,-0.436459,-nan,-0.436656,0.00378648,-0.842144,-0.608676
1018,-0.436462,-nan,-0.440014,0.00391421,-0.823617,-0.613934
1019,-0.43647,-nan,-0.444682,0.00177309,-0.795828,-0.623524
1020,-0.436475,-nan,-0.441549,0.0038058,-0.787448,-0.63513
1021,-0.436478,-nan,-0.439479,0.0051157,-0.784351,-0.636333
1022,-0.436479,-nan,-0.437702,0.00436599,-0.796512,-0.603701
1023,-0.436481,-nan,-0.437949,0.00330444,-0.810593,-0.5905
1024,-0.436488,-nan,-0.443471,0.00258313,-0.809653,-0.608958
1025,-0.436493,-nan,-0.442338,0.00337801,-0.811656,-0.61237
1026,-0.436498,-nan,-0.441005,0.00479698,-0.806237,-0.621387
1027,-0.436501,-nan,-0.439859,0.0058885,-0.788896,-0.597237
1028,-0.436501,-nan,-0.436633,0.00403581,-0.82292,-0.597062
1029,-0.436502,-nan,-0.43786,0.00340372,-0.835561,-0.620933
1030,-0.436508,-nan,-0.442548,0.00304669,-0.813657,-0.615455
1031,-0.436511,-nan,-0.438925,0.00313793,-0.789408,-0.602754
1032,-0.436512,-nan,-0.438267,0.00370426,-0.76297,-0.622791
1033,-0.436517,-nan,-0.441143,0.00391694,-0.777843,-0.616589
1034,-0.436522,-nan,-0.442193,0.00354091,-0.808288,-0.619563
1035,-0.436528,-nan,-0.442234,0.0024493,-0.811054,-0.614972
1036,-0.436531,-nan,-0.440168,0.00299876,-0.766838,-0.618954
1037,-0.436534,-nan,-0.439748,0.00338845,-0.76583,-0.629425
1038,-0.436532,-nan,-0.434397,0.00506506,-0.778295,-0.649607
1039,-0.436538,-nan,-0.442316,0.00387371,-0.79777,-0.625235
1040,-0.436545,-nan,-0.443773,0.00396983,-0.782446,-0.615603
1041,-0.43655,-nan,-0.442015,0.00310142,-0.819097,-0.610472
1042,-0.436554,-nan,-0.44104,0.00329539,-0.819732,-0.612395
1043,-0.43656,-nan,-0.442708,0.00445751,-0.808212,-0.61696
1044,-0.436564,-nan,-0.44056,0.00482615,-0.806382,-0.621958
1045,-0.43657,-nan,-0.44272,0.00282956,-0.806324,-0.609351
1046,-0.436575,-nan,-0.441435,0.00264888,-0.807366,-0.609471
1047,-0.43658,-nan,-0.442297,0.00274861,-0.805767,-0.629822
1048,-0.436583,-nan,-0.439554,0.00361998,-0.829313,-0.620725
1049,-0.436589,-nan,-0.442912,0.00272192,-0.797437,-0.613716
1050,-0.436595,-nan,-0.442812,0.00267886,-0.795723,-0.609971
1051,-0.436594,-nan,-0.435421,0.00437207,-0.803047,-0.647137
1052,-0.436596,-nan,-0.43927,0.00448307,-0.80688,-0.631535
1053,-0.436603,-nan,-0.443157,0.00245407,-0.792864,-0.619978
1054,-0.436609,-nan,-0.443639,0.00389535,-0.808698,-0.614889
1055,-0.436612,-nan,-0.439143,0.0048655,-0.806964,-0.629819
1056,-0.436615,-nan,-0.439912,0.00282674,-0.834561,-0.609922
1057,-0.43662,-nan,-0.441834,0.00481604,-0.819615,-0.607937
1058,-0.436623,-nan,-0.440473,0.00390149,-0.771943,-0.630056
1059,-0.436624,-nan,-0.437145,0.00322394,-0.756436,-0.626378
1060,-0.436623,-nan,-0.436086,0.00233265,-0.760345,-0.616352
1061,-0.436629,-nan,-0.442628,0.00273297,-0.785358,-0.616765
1062,-0.436634,-nan,-0.441331,0.00291406,-0.818441,-0.612439
1063,-0.436638,-nan,-0.441251,0.00231836,-0.804304,-0.627837
1064,-0.436644,-nan,-0.443045,0.00287893,-0.79865,-0.616519
1065,-0.436649,-nan,-0.44158,0.00447832,-0.802391,-0.626467
1066,-0.436654,-nan,-0.442708,0.00353609,-0.786263,-0.61763
1067,-0.436658,-nan,-0.441209,0.00316341,-0.777918,-0.632537
1068,-0.436666,-nan,-0.444543,0.00411089,-0.799041,-0.621048
1069,-0.436673,-nan,-0.444786,0.00137501,-0.807315,-0.61312
