0        1.98
1     1.97998
2     1.97993
3     1.97984
4     1.97971
5     1.97955
6     1.97935
7     1.97911
8     1.97884
9     1.97853
10     1.97818
11      1.9778
12     1.97737
13     1.97692
14     1.97642
15     1.97588
16     1.97531
17     1.97469
18     1.97404
19     1.97335
20     1.97261
21     1.97183
22     1.97101
23     1.97015
24     1.96925
25      1.9683
26      1.9673
27     1.96626
28     1.96517
29     1.96404
30     1.96286
31     1.96163
32     1.96034
33     1.95901
34     1.95763
35     1.95619
36      1.9547
37     1.95315
38     1.95155
39     1.94988
40     1.94816
41     1.94638
42     1.94454
43     1.94264
44     1.94067
45     1.93864
46     1.93654
47     1.93437
48     1.93214
49     1.92983
50     1.92745
51     1.92499
52     1.92246
53     1.91985
54     1.91717
55     1.91439
56     1.91154
57      1.9086
58     1.90558
59     1.90247
60     1.89927
61     1.89597
62     1.89259
63     1.88911
64     1.88553
65     1.88185
66     1.87806
67     1.87418
68     1.87019
69     1.86609
70     1.86189
71     1.85757
72     1.85314
73     1.84859
74     1.84393
75     1.83916
76     1.83426
77     1.82924
78      1.8241
79     1.81883
80     1.81344
81     1.80792
82     1.80227
83     1.79649
84     1.79058
85     1.78453
86     1.77835
87     1.77204
88     1.76559
89     1.75901
90     1.75229
91     1.74543
92     1.73844
93     1.73131
94     1.72404
95     1.71663
96     1.70909
97     1.70142
98     1.69361
99     1.68566
100     1.67758
101     1.66938
102     1.66104
103     1.65258
104       1.644
105     1.63529
106     1.62646
107     1.61752
108     1.60847
109     1.59931
110     1.59004
111     1.58067
112     1.57121
113     1.56165
114     1.55201
115     1.54228
116     1.53248
117      1.5226
118     1.51267
119     1.50267
120     1.49261
121     1.48252
122     1.47238
123      1.4622
124     1.45201
125     1.44179
126     1.43156
127     1.42132
128     1.41109
129     1.40087
130     1.39066
131     1.38048
132     1.37033
133     1.36023
134     1.35016
135     1.34016
136     1.33021
137     1.32033
138     1.31053
139     1.30081
140     1.29118
141     1.28165
142     1.27222
143     1.26289
144     1.25369
145      1.2446
146     1.23564
147     1.22681
148     1.21811
149     1.20956
150     1.20116
151     1.19291
152     1.18481
153     1.17687
154      1.1691
155     1.16149
156     1.15405
157     1.14679
158      1.1397
159     1.13279
160     1.12606
161     1.11951
162     1.11314
163     1.10696
164     1.10097
165     1.09516
166     1.08954
167     1.08411
168     1.07886
169      1.0738
170     1.06893
171     1.06425
172     1.05976
173     1.05544
174     1.05132
175     1.04737
176     1.04361
177     1.04002
178     1.03661
179     1.03338
180     1.03032
181     1.02743
182      1.0247
183     1.02215
184     1.01975
185     1.01751
186     1.01543
187     1.01351
188     1.01173
189     1.01009
190     1.00861
191     1.00726
192     1.00604
193     1.00496
194       1.004
195     1.00318
196     1.00247
197     1.00188
198      1.0014
199     1.00103
200     1.00077
201     1.00062
202     1.00056
203     1.00059
204     1.00072
205     1.00093
206     1.00123
207      1.0016
208     1.00205
209     1.00258
210     1.00317
211     1.00383
212     1.00454
213     1.00532
214     1.00615
215     1.00703
216     1.00796
217     1.00894
218     1.00995
219     1.01099
220     1.01208
221     1.01319
222     1.01432
223     1.01548
224     1.01667
225     1.01786
226     1.01908
227      1.0203
228     1.02154
229     1.02278
230     1.02402
231     1.02527
232     1.02651
233     1.02775
234     1.02899
235     1.03022
236     1.03145
237     1.03266
238     1.03386
239     1.03505
240     1.03623
241     1.03739
242     1.03854
243     1.03968
244      1.0408
245      1.0419
246     1.04298
247     1.04405
248     1.04511
249     1.04615
250     1.04717
251     1.04819
252     1.04919
253     1.05018
254     1.05115
255     1.05212
256     1.05309
257     1.05404
258     1.05499
259     1.05594
260     1.05689
261     1.05784
262      1.0588
263     1.05976
264     1.06072
265      1.0617
266     1.06269
267     1.06368
268      1.0647
269     1.06573
270     1.06677
271     1.06783
272     1.06892
273     1.07002
274     1.07114
275     1.07229
276     1.07346
277     1.07465
278     1.07586
279      1.0771
280     1.07836
281     1.07965
282     1.08095
283     1.08228
284     1.08363
285       1.085
286     1.08638
287     1.08779
288     1.08921
289     1.09064
290     1.09209
291     1.09354
292     1.09501
293     1.09649
294     1.09796
295     1.09945
296     1.10093
297     1.10241
298     1.10388
299     1.10535
300     1.10681
301     1.10827
302     1.10971
303     1.11113
304     1.11254
305     1.11394
306     1.11531
307     1.11666
308     1.11799
309     1.11929
310     1.12057
311     1.12182
312     1.12303
313     1.12422
314     1.12538
315      1.1265
316      1.1276
317     1.12865
318     1.12967
319     1.13066
320     1.13161
321     1.13252
322     1.13339
323     1.13422
324     1.13502
325     1.13578
326     1.13649
327     1.13717
328     1.13781
329     1.13841
330     1.13897
331     1.13948
332     1.13996
333      1.1404
334      1.1408
335     1.14116
336     1.14147
337     1.14175
338     1.14199
339     1.14219
340     1.14235
341     1.14247
342     1.14255
343     1.14259
344     1.14258
345     1.14254
346     1.14246
347     1.14234
348     1.14217
349     1.14197
350     1.14173
351     1.14145
352     1.14112
353     1.14076
354     1.14035
355     1.13991
356     1.13942
357     1.13889
358     1.13831
359      1.1377
360     1.13704
361     1.13634
362     1.13559
363      1.1348
364     1.13397
365     1.13309
366     1.13217
367     1.13121
368      1.1302
369     1.12915
370     1.12806
371     1.12692
372     1.12574
373     1.12452
374     1.12325
375     1.12195
376      1.1206
377     1.11921
378     1.11778
379     1.11631
380      1.1148
381     1.11326
382     1.11168
383     1.11006
384     1.10841
385     1.10673
386     1.10502
387     1.10328
388     1.10151
389     1.09972
390      1.0979
391     1.09606
392     1.09421
393     1.09234
394     1.09045
395     1.08855
396     1.08664
397     1.08473
398     1.08281
399     1.08089
400     1.07897
401     1.07706
402     1.07515
403     1.07326
404     1.07137
405     1.06951
406     1.06766
407     1.06583
408     1.06403
409     1.06226
410     1.06051
411      1.0588
412     1.05713
413     1.05549
414      1.0539
415     1.05235
416     1.05084
417     1.04938
418     1.04797
419     1.04662
420     1.04532
421     1.04407
422     1.04289
423     1.04176
424      1.0407
425     1.03969
426     1.03876
427     1.03788
428     1.03707
429     1.03633
430     1.03566
431     1.03505
432     1.03452
433     1.03405
434     1.03365
435     1.03332
436     1.03305
437     1.03286
438     1.03273
439     1.03267
440     1.03268
441     1.03275
442     1.03289
443      1.0331
444     1.03337
445      1.0337
446     1.03409
447     1.03455
448     1.03506
449     1.03564
450     1.03627
451     1.03696
452      1.0377
453      1.0385
454     1.03934
455     1.04024
456     1.04119
457     1.04219
458     1.04323
459     1.04432
460     1.04546
461     1.04664
462     1.04786
463     1.04911
464     1.05041
465     1.05175
466     1.05312
467     1.05452
468     1.05596
469     1.05742
470     1.05892
471     1.06045
472       1.062
473     1.06358
474     1.06519
475     1.06682
476     1.06847
477     1.07014
478     1.07183
479     1.07353
480     1.07526
481       1.077
482     1.07875
483     1.08051
484     1.08229
485     1.08408
486     1.08587
487     1.08767
488     1.08947
489     1.09128
490     1.09309
491     1.09491
492     1.09672
493     1.09852
494     1.10033
495     1.10212
496     1.10391
497     1.10569
498     1.10745
499     1.10921
500     1.11094
501     1.11266
502     1.11436
503     1.11604
504     1.11769
505     1.11931
506     1.12091
507     1.12248
508     1.12402
509     1.12552
510     1.12698
511     1.12841
512      1.1298
513     1.13114
514     1.13244
515     1.13369
516      1.1349
517     1.13605
518     1.13716
519     1.13821
520      1.1392
521     1.14014
522     1.14102
523     1.14184
524      1.1426
525      1.1433
526     1.14394
527     1.14451
528     1.14502
529     1.14546
530     1.14584
531     1.14615
532     1.14639
533     1.14656
534     1.14666
535      1.1467
536     1.14667
537     1.14656
538     1.14639
539     1.14615
540     1.14584
541     1.14546
542     1.14501
543      1.1445
544     1.14391
545     1.14326
546     1.14255
547     1.14176
548     1.14091
549        1.14
550     1.13902
551     1.13798
552     1.13688
553     1.13572
554     1.13451
555     1.13323
556      1.1319
557     1.13051
558     1.12907
559     1.12758
560     1.12604
561     1.12446
562     1.12283
563     1.12115
564     1.11944
565     1.11768
566      1.1159
567     1.11408
568     1.11222
569     1.11035
570     1.10845
571     1.10653
572     1.10459
573     1.10263
574     1.10067
575      1.0987
576     1.09673
577     1.09476
578     1.09279
579     1.09084
580     1.08889
581     1.08697
582     1.08506
583     1.08318
584     1.08134
585     1.07953
586     1.07775
587     1.07602
588     1.07434
589     1.07272
590     1.07115
591     1.06964
592      1.0682
593     1.06683
594     1.06553
595     1.06432
596     1.06318
597     1.06214
598     1.06119
599     1.06033
600     1.05957
601     1.05892
602     1.05837
603     1.05792
604     1.05759
605     1.05737
606     1.05726
607     1.05727
608      1.0574
609     1.05764
610       1.058
611     1.05848
612     1.05907
613     1.05978
614      1.0606
615     1.06153
616     1.06257
617     1.06371
618     1.06496
619     1.06631
620     1.06775
621     1.06928
622      1.0709
623      1.0726
624     1.07438
625     1.07623
626     1.07814
627     1.08012
628     1.08215
629     1.08424
630     1.08636
631     1.08853
632     1.09074
633     1.09298
634     1.09524
635     1.09752
636     1.09983
637     1.10214
638     1.10447
639      1.1068
640     1.10913
641     1.11146
642     1.11379
643     1.11611
644     1.11842
645     1.12072
646     1.12301
647     1.12527
648     1.12752
649     1.12975
650     1.13195
651     1.13413
652     1.13628
653      1.1384
654     1.14049
655     1.14255
656     1.14458
657     1.14657
658     1.14853
659     1.15045
660     1.15233
661     1.15417
662     1.15596
663     1.15771
664     1.15942
665     1.16107
666     1.16267
667     1.16423
668     1.16572
669     1.16716
670     1.16855
671     1.16987
672     1.17113
673     1.17232
674     1.17345
675     1.17452
676     1.17551
677     1.17643
678     1.17727
679     1.17804
680     1.17873
681     1.17935
682     1.17988
683     1.18033
684     1.18069
685     1.18098
686     1.18117
687     1.18128
688      1.1813
689     1.18123
690     1.18107
691     1.18083
692     1.18049
693     1.18007
694     1.17955
695     1.17895
696     1.17826
697     1.17748
698     1.17661
699     1.17566
700     1.17462
701      1.1735
702     1.17229
703     1.17101
704     1.16964
705      1.1682
706     1.16668
707     1.16509
708     1.16343
709      1.1617
710     1.15991
711     1.15805
712     1.15614
713     1.15416
714     1.15213
715     1.15005
716     1.14792
717     1.14574
718     1.14352
719     1.14126
720     1.13896
721     1.13663
722     1.13426
723     1.13186
724     1.12944
725     1.12699
726     1.12452
727     1.12203
728     1.11952
729     1.11699
730     1.11445
731     1.11189
732     1.10932
733     1.10675
734     1.10417
735     1.10158
736     1.09898
737     1.09638
738     1.09378
739     1.09118
740     1.08858
741     1.08598
742     1.08339
743      1.0808
744     1.07821
745     1.07564
746     1.07307
747     1.07051
748     1.06796
749     1.06542
750      1.0629
751     1.06039
752     1.05791
753     1.05544
754     1.05299
755     1.05056
756     1.04816
757     1.04578
758     1.04343
759     1.04112
760     1.03883
761     1.03658
762     1.03436
763     1.03219
764     1.03005
765     1.02796
766     1.02591
767     1.02391
768     1.02195
769     1.02005
770     1.01821
771     1.01641
772     1.01468
773       1.013
774     1.01138
775     1.00983
776     1.00834
777     1.00691
778     1.00555
779     1.00426
780     1.00303
781     1.00187
782     1.00078
783    0.999765
784    0.998818
785    0.997941
786    0.997136
787    0.996401
788    0.995737
789    0.995143
790    0.994618
791    0.994163
792    0.993775
793    0.993455
794      0.9932
795    0.993011
796    0.992885
797     0.99282
798    0.992815
799     0.99287
800    0.992982
801    0.993149
802    0.993369
803     0.99364
804    0.993961
805    0.994328
806    0.994741
807    0.995197
808    0.995694
809     0.99623
810    0.996803
811    0.997411
812    0.998052
813    0.998724
814    0.999426
815     1.00015
816     1.00091
817     1.00168
818     1.00248
819      1.0033
820     1.00414
821     1.00499
822     1.00586
823     1.00675
824     1.00764
825     1.00855
826     1.00947
827      1.0104
828     1.01134
829     1.01229
830     1.01325
831     1.01421
832     1.01518
833     1.01615
834     1.01713
835     1.01812
836     1.01911
837      1.0201
838      1.0211
839     1.02209
840      1.0231
841      1.0241
842     1.02511
843     1.02612
844     1.02713
845     1.02815
846     1.02917
847     1.03018
848     1.03121
849     1.03223
850     1.03325
851     1.03428
852      1.0353
853     1.03633
854     1.03736
855     1.03838
856     1.03941
857     1.04044
858     1.04147
859      1.0425
860     1.04353
861     1.04456
862     1.04559
863     1.04662
864     1.04765
865     1.04867
866     1.04969
867     1.05071
868     1.05172
869     1.05274
870     1.05374
871     1.05475
872     1.05575
873     1.05674
874     1.05772
875      1.0587
876     1.05967
877     1.06063
878     1.06158
879     1.06252
880     1.06346
881     1.06438
882     1.06528
883     1.06618
884     1.06706
885     1.06792
886     1.06877
887     1.06961
888     1.07042
889     1.07122
890       1.072
891     1.07276
892      1.0735
893     1.07422
894     1.07492
895      1.0756
896     1.07625
897     1.07688
898     1.07748
899     1.07806
900     1.07861
901     1.07914
902     1.07963
903      1.0801
904     1.08054
905     1.08095
906     1.08133
907     1.08167
908     1.08199
909     1.08227
910     1.08252
911     1.08273
912     1.08291
913     1.08306
914     1.08317
915     1.08324
916     1.08328
917     1.08328
918     1.08324
919     1.08317
920     1.08306
921     1.08291
922     1.08272
923     1.08249
924     1.08223
925     1.08193
926     1.08159
927     1.08121
928     1.08079
929     1.08034
930     1.07985
931     1.07932
932     1.07875
933     1.07815
934     1.07751
935     1.07684
936     1.07613
937     1.07538
938      1.0746
939     1.07379
940     1.07295
941     1.07208
942     1.07118
943     1.07025
944     1.06929
945      1.0683
946     1.06729
947     1.06626
948      1.0652
949     1.06413
950     1.06303
951     1.06191
952     1.06078
953     1.05963
954     1.05847
955      1.0573
956     1.05612
957     1.05493
958     1.05373
959     1.05253
960     1.05132
961     1.05012
962     1.04891
963     1.04771
964     1.04651
965     1.04531
966     1.04412
967     1.04295
968     1.04178
969     1.04063
970     1.03949
971     1.03837
972     1.03727
973     1.03619
974     1.03513
975     1.03409
976     1.03308
977      1.0321
978     1.03115
979     1.03023
980     1.02934
981     1.02848
982     1.02766
983     1.02687
984     1.02612
985     1.02542
986     1.02475
987     1.02412
988     1.02353
989     1.02298
990     1.02248
991     1.02202
992      1.0216
993     1.02123
994      1.0209
995     1.02061
996     1.02037
997     1.02017
998     1.02001
999      1.0199
1000     1.01983
1001      1.0198
1002     1.01981
1003     1.01986
1004     1.01995
1005     1.02008
1006     1.02024
1007     1.02044
1008     1.02067
1009     1.02094
1010     1.02123
1011     1.02156
1012     1.02192
1013      1.0223
1014     1.02271
1015     1.02315
1016     1.02361
1017     1.02409
1018     1.02459
1019     1.02512
1020     1.02566
1021     1.02622
1022      1.0268
1023     1.02739
1024       1.028
1025     1.02863
1026     1.02926
1027     1.02991
1028     1.03058
1029     1.03125
1030     1.03193
1031     1.03262
1032     1.03332
1033     1.03403
1034     1.03475
1035     1.03548
1036     1.03621
1037     1.03695
1038     1.03769
1039     1.03844
1040      1.0392
1041     1.03996
1042     1.04073
1043      1.0415
1044     1.04228
1045     1.04306
1046     1.04385
1047     1.04464
1048     1.04544
1049     1.04624
1050     1.04705
1051     1.04787
1052     1.04869
1053     1.04952
1054     1.05035
1055     1.05119
1056     1.05203
1057     1.05289
1058     1.05375
1059     1.05462
1060      1.0555
1061     1.05639
1062     1.05729
1063     1.05819
1064     1.05911
1065     1.06004
1066     1.06099
1067     1.06194
1068     1.06291
1069      1.0639
1070      1.0649
1071     1.06591
1072     1.06694
1073     1.06799
1074     1.06905
1075     1.07013
1076     1.07123
1077     1.07235
1078     1.07349
1079     1.07464
1080     1.07582
1081     1.07702
1082     1.07823
1083     1.07947
1084     1.08073
1085     1.08201
1086      1.0833
1087     1.08462
1088     1.08596
1089     1.08731
1090     1.08869
1091     1.09008
1092     1.09149
1093     1.09292
1094     1.09436
1095     1.09582
1096     1.09729
1097     1.09877
1098     1.10026
1099     1.10177
1100     1.10328
1101      1.1048
1102     1.10632
1103     1.10785
1104     1.10938
1105     1.11092
1106     1.11245
1107     1.11398
1108      1.1155
1109     1.11702
1110     1.11853
1111     1.12002
1112     1.12151
1113     1.12298
1114     1.12444
1115     1.12588
1116      1.1273
1117      1.1287
1118     1.13008
1119     1.13143
1120     1.13276
1121     1.13406
1122     1.13532
1123     1.13656
1124     1.13776
1125     1.13893
1126     1.14006
1127     1.14116
1128     1.14221
1129     1.14323
1130      1.1442
1131     1.14514
1132     1.14602
1133     1.14687
1134     1.14766
1135     1.14841
1136     1.14912
1137     1.14977
1138     1.15037
1139     1.15093
1140     1.15143
1141     1.15188
1142     1.15228
1143     1.15264
1144     1.15293
1145     1.15318
1146     1.15338
1147     1.15352
1148     1.15361
1149     1.15365
1150     1.15364
1151     1.15357
1152     1.15346
1153     1.15329
1154     1.15308
1155     1.15281
1156      1.1525
1157     1.15214
1158     1.15173
1159     1.15128
1160     1.15079
1161     1.15025
1162     1.14966
1163     1.14904
1164     1.14838
1165     1.14769
1166     1.14695
1167     1.14619
1168     1.14539
1169     1.14457
1170     1.14371
1171     1.14284
1172     1.14194
1173     1.14102
1174     1.14008
1175     1.13913
1176     1.13817
1177      1.1372
1178     1.13622
1179     1.13524
1180     1.13426
1181     1.13328
1182     1.13231
1183     1.13135
1184     1.13041
1185     1.12948
1186     1.12857
1187     1.12769
1188     1.12683
1189     1.12601
1190     1.12522
1191     1.12447
1192     1.12377
1193     1.12311
1194      1.1225
1195     1.12194
1196     1.12143
1197     1.12099
1198      1.1206
1199     1.12027
1200     1.12001
1201     1.11982
1202     1.11969
1203     1.11964
1204     1.11965
1205     1.11974
1206     1.11989
1207     1.12012
1208     1.12041
1209     1.12077
1210      1.1212
1211      1.1217
1212     1.12226
1213     1.12288
1214     1.12357
1215      1.1243
1216     1.12509
1217     1.12593
1218     1.12681
1219     1.12774
1220      1.1287
1221     1.12969
1222     1.13071
1223     1.13175
1224      1.1328
1225     1.13387
1226     1.13495
1227     1.13602
1228      1.1371
1229     1.13817
1230     1.13922
1231     1.14026
1232     1.14127
1233     1.14226
1234     1.14321
1235     1.14413
1236     1.14501
1237     1.14584
1238     1.14663
1239     1.14737
1240     1.14805
1241     1.14867
1242     1.14923
1243     1.14973
1244     1.15016
1245     1.15053
1246     1.15082
1247     1.15104
1248     1.15118
1249     1.15125
1250     1.15124
1251     1.15115
1252     1.15098
1253     1.15073
1254      1.1504
1255     1.14998
1256     1.14948
1257      1.1489
1258     1.14823
1259     1.14748
1260     1.14664
1261     1.14572
1262     1.14472
1263     1.14363
1264     1.14246
1265      1.1412
1266     1.13987
1267     1.13845
1268     1.13695
1269     1.13538
1270     1.13373
1271       1.132
1272     1.13019
1273     1.12831
1274     1.12636
1275     1.12433
1276     1.12224
1277     1.12008
1278     1.11786
1279     1.11558
1280     1.11324
1281     1.11084
1282     1.10839
1283     1.10589
1284     1.10334
1285     1.10075
1286     1.09811
1287     1.09545
1288     1.09275
1289     1.09002
1290     1.08726
1291     1.08449
1292      1.0817
1293      1.0789
1294     1.07609
1295     1.07328
1296     1.07047
1297     1.06767
1298     1.06488
1299     1.06211
1300     1.05936
1301     1.05664
1302     1.05395
1303      1.0513
1304     1.04869
1305     1.04612
1306     1.04361
1307     1.04116
1308     1.03876
1309     1.03644
1310     1.03418
1311     1.03199
1312     1.02988
1313     1.02786
1314     1.02592
1315     1.02406
1316      1.0223
1317     1.02063
1318     1.01905
1319     1.01758
1320      1.0162
1321     1.01492
1322     1.01375
1323     1.01268
1324     1.01171
1325     1.01084
1326     1.01008
1327     1.00942
1328     1.00886
1329     1.00841
1330     1.00805
1331      1.0078
1332     1.00764
1333     1.00757
1334      1.0076
1335     1.00772
1336     1.00793
1337     1.00822
1338     1.00859
1339     1.00904
1340     1.00956
1341     1.01016
1342     1.01083
1343     1.01157
1344     1.01236
1345     1.01322
1346     1.01413
1347     1.01509
1348     1.01611
1349     1.01716
1350     1.01826
1351      1.0194
1352     1.02057
1353     1.02178
1354     1.02302
1355     1.02428
1356     1.02557
1357     1.02687
1358      1.0282
1359     1.02954
1360      1.0309
1361     1.03227
1362     1.03365
1363     1.03503
1364     1.03642
1365     1.03781
1366     1.03921
1367      1.0406
1368     1.04199
1369     1.04338
1370     1.04477
1371     1.04615
1372     1.04752
1373     1.04888
1374     1.05024
1375     1.05158
1376     1.05291
1377     1.05422
1378     1.05552
1379     1.05681
1380     1.05808
1381     1.05933
1382     1.06057
1383     1.06178
1384     1.06298
1385     1.06415
1386     1.06531
1387     1.06644
1388     1.06755
1389     1.06863
1390     1.06969
1391     1.07073
1392     1.07175
1393     1.07274
1394      1.0737
1395     1.07463
1396     1.07554
1397     1.07642
1398     1.07727
1399      1.0781
1400     1.07889
1401     1.07966
1402      1.0804
1403     1.08111
1404     1.08179
1405     1.08244
1406     1.08306
1407     1.08365
1408     1.08421
1409     1.08474
1410     1.08524
1411     1.08571
1412     1.08616
1413     1.08657
1414     1.08696
1415     1.08732
1416     1.08765
1417     1.08795
1418     1.08822
1419     1.08847
1420     1.08869
1421     1.08888
1422     1.08905
1423     1.08919
1424      1.0893
1425     1.08939
1426     1.08946
1427      1.0895
1428     1.08951
1429      1.0895
1430     1.08947
1431     1.08942
1432     1.08934
1433     1.08923
1434     1.08911
1435     1.08896
1436     1.08878
1437     1.08858
1438     1.08836
1439     1.08812
1440     1.08786
1441     1.08757
1442     1.08725
1443     1.08692
1444     1.08656
1445     1.08618
1446     1.08577
1447     1.08534
1448     1.08488
1449     1.08441
1450     1.08391
1451     1.08338
1452     1.08283
1453     1.08225
1454     1.08165
1455     1.08103
1456     1.08038
1457     1.07971
1458     1.07901
1459     1.07829
1460     1.07755
1461     1.07678
1462     1.07599
1463     1.07518
1464     1.07434
1465     1.07349
1466     1.07261
1467     1.07171
1468      1.0708
1469     1.06987
1470     1.06892
1471     1.06796
1472     1.06698
1473     1.06598
1474     1.06497
1475     1.06396
1476     1.06293
1477     1.06189
1478     1.06085
1479     1.05979
1480     1.05874
1481     1.05768
1482     1.05661
1483     1.05555
1484     1.05449
1485     1.05342
1486     1.05236
1487     1.05131
1488     1.05026
1489     1.04922
1490     1.04819
1491     1.04717
1492     1.04616
1493     1.04516
1494     1.04418
1495     1.04321
1496     1.04226
1497     1.04133
1498     1.04042
1499     1.03952
1500     1.03865
1501     1.03781
1502     1.03699
1503     1.03619
1504     1.03543
1505     1.03469
1506     1.03398
1507      1.0333
1508     1.03266
1509     1.03205
1510     1.03148
1511     1.03094
1512     1.03044
1513     1.02998
1514     1.02956
1515     1.02918
1516     1.02884
1517     1.02855
1518     1.02831
1519     1.02811
1520     1.02796
1521     1.02785
1522      1.0278
1523      1.0278
1524     1.02784
1525     1.02794
1526      1.0281
1527      1.0283
1528     1.02856
1529     1.02887
1530     1.02924
1531     1.02966
1532     1.03013
1533     1.03066
1534     1.03124
1535     1.03187
1536     1.03255
1537     1.03329
1538     1.03407
1539      1.0349
1540     1.03578
1541      1.0367
1542     1.03767
1543     1.03868
1544     1.03973
1545     1.04081
1546     1.04193
1547     1.04308
1548     1.04427
1549     1.04548
1550     1.04671
1551     1.04797
1552     1.04924
1553     1.05053
1554     1.05184
1555     1.05316
1556     1.05448
1557     1.05581
1558     1.05715
1559     1.05848
1560      1.0598
1561     1.06113
1562     1.06244
1563     1.06374
1564     1.06502
1565     1.06629
1566     1.06754
1567     1.06877
1568     1.06997
1569     1.07115
1570     1.07231
1571     1.07343
1572     1.07452
1573     1.07558
1574     1.07661
1575      1.0776
1576     1.07855
1577     1.07947
1578     1.08034
1579     1.08118
1580     1.08197
1581     1.08273
1582     1.08344
1583     1.08412
1584     1.08475
1585     1.08534
1586     1.08588
1587     1.08639
1588     1.08686
1589     1.08728
1590     1.08767
1591     1.08801
1592     1.08831
1593     1.08858
1594     1.08881
1595       1.089
1596     1.08916
1597     1.08928
1598     1.08937
1599     1.08943
1600     1.08945
1601     1.08945
1602     1.08942
1603     1.08937
1604     1.08929
1605     1.08918
1606     1.08906
1607     1.08892
1608     1.08875
1609     1.08858
1610     1.08838
1611     1.08818
1612     1.08796
1613     1.08774
1614     1.08751
1615     1.08727
1616     1.08702
1617     1.08678
1618     1.08653
1619     1.08628
1620     1.08603
1621     1.08578
1622     1.08554
1623     1.08531
1624     1.08507
1625     1.08485
1626     1.08463
1627     1.08443
1628     1.08423
1629     1.08404
1630     1.08386
1631      1.0837
1632     1.08355
1633     1.08341
1634     1.08328
1635     1.08316
1636     1.08306
1637     1.08297
1638     1.08289
1639     1.08282
1640     1.08277
1641     1.08272
1642     1.08269
1643     1.08267
1644     1.08266
1645     1.08266
1646     1.08267
1647     1.08269
1648     1.08272
1649     1.08275
1650     1.08279
1651     1.08284
1652     1.08289
1653     1.08295
1654     1.08301
1655     1.08306
1656     1.08313
1657     1.08319
1658     1.08325
1659      1.0833
1660     1.08336
1661     1.08341
1662     1.08345
1663     1.08349
1664     1.08352
1665     1.08354
1666     1.08356
1667     1.08356
1668     1.08356
1669     1.08354
1670     1.08351
1671     1.08347
1672     1.08342
1673     1.08335
1674     1.08327
1675     1.08317
1676     1.08306
1677     1.08293
1678     1.08279
1679     1.08263
1680     1.08245
1681     1.08226
1682     1.08205
1683     1.08182
1684     1.08158
1685     1.08132
1686     1.08104
1687     1.08075
1688     1.08045
1689     1.08013
1690      1.0798
1691     1.07945
1692      1.0791
1693     1.07873
1694     1.07835
1695     1.07796
1696     1.07756
1697     1.07716
1698     1.07674
1699     1.07633
1700      1.0759
1701     1.07548
1702     1.07505
1703     1.07462
1704      1.0742
1705     1.07377
1706     1.07335
1707     1.07293
1708     1.07251
1709      1.0721
1710      1.0717
1711     1.07131
1712     1.07093
1713     1.07056
1714      1.0702
1715     1.06985
1716     1.06952
1717      1.0692
1718      1.0689
1719     1.06861
1720     1.06834
1721     1.06809
1722     1.06786
1723     1.06765
1724     1.06746
1725     1.06729
1726     1.06713
1727       1.067
1728     1.06689
1729      1.0668
1730     1.06673
1731     1.06668
1732     1.06665
1733     1.06665
1734     1.06666
1735     1.06669
1736     1.06675
1737     1.06682
1738     1.06691
1739     1.06702
1740     1.06715
1741      1.0673
1742     1.06746
1743     1.06764
1744     1.06783
1745     1.06803
1746     1.06825
1747     1.06849
1748     1.06873
1749     1.06898
1750     1.06925
1751     1.06952
1752      1.0698
1753     1.07009
1754     1.07038
1755     1.07068
1756     1.07098
1757     1.07129
1758      1.0716
1759     1.07191
1760     1.07222
1761     1.07253
1762     1.07284
1763     1.07315
1764     1.07346
1765     1.07376
1766     1.07406
1767     1.07435
1768     1.07464
1769     1.07493
1770     1.07521
1771     1.07548
1772     1.07575
1773     1.07601
1774     1.07626
1775     1.07651
1776     1.07675
1777     1.07699
1778     1.07722
1779     1.07744
1780     1.07765
1781     1.07786
1782     1.07807
1783     1.07826
1784     1.07846
1785     1.07865
1786     1.07883
1787     1.07902
1788     1.07919
1789     1.07937
1790     1.07955
1791     1.07972
1792     1.07989
1793     1.08007
1794     1.08024
1795     1.08041
1796     1.08059
1797     1.08076
1798     1.08094
1799     1.08113
1800     1.08131
1801     1.08151
1802      1.0817
1803      1.0819
1804     1.08211
1805     1.08232
1806     1.08254
1807     1.08276
1808     1.08299
1809     1.08323
1810     1.08347
1811     1.08372
1812     1.08397
1813     1.08424
1814      1.0845
1815     1.08478
1816     1.08505
1817     1.08534
1818     1.08562
1819     1.08592
1820     1.08621
1821     1.08651
1822     1.08681
1823     1.08712
1824     1.08742
1825     1.08773
1826     1.08803
1827     1.08834
1828     1.08865
1829     1.08895
1830     1.08925
1831     1.08955
1832     1.08985
1833     1.09014
1834     1.09043
1835     1.09072
1836     1.09099
1837     1.09127
1838     1.09153
1839     1.09179
1840     1.09204
1841     1.09228
1842     1.09252
1843     1.09275
1844     1.09297
1845     1.09318
1846     1.09338
1847     1.09357
1848     1.09376
1849     1.09393
1850      1.0941
1851     1.09426
1852     1.09441
1853     1.09455
1854     1.09469
1855     1.09482
1856     1.09494
1857     1.09505
1858     1.09516
1859     1.09526
1860     1.09535
1861     1.09544
1862     1.09553
1863     1.09561
1864     1.09568
1865     1.09576
1866     1.09583
1867     1.09589
1868     1.09596
1869     1.09603
1870     1.09609
1871     1.09615
1872     1.09622
1873     1.09628
1874     1.09635
1875     1.09641
1876     1.09648
1877     1.09655
1878     1.09662
1879     1.09669
1880     1.09676
1881     1.09684
1882     1.09692
1883     1.09701
1884      1.0971
1885     1.09719
1886     1.09728
1887     1.09738
1888     1.09747
1889     1.09758
1890     1.09768
1891     1.09779
1892      1.0979
1893     1.09801
1894     1.09813
1895     1.09825
1896     1.09837
1897     1.09849
1898     1.09861
1899     1.09874
1900     1.09886
1901     1.09899
1902     1.09912
1903     1.09924
1904     1.09937
1905      1.0995
1906     1.09962
1907     1.09975
1908     1.09987
1909     1.09999
1910      1.1001
1911     1.10022
1912     1.10033
1913     1.10043
1914     1.10053
1915     1.10062
1916     1.10071
1917     1.10079
1918     1.10087
1919     1.10093
1920     1.10099
1921     1.10104
1922     1.10108
1923     1.10111
1924     1.10114
1925     1.10115
1926     1.10114
1927     1.10113
1928      1.1011
1929     1.10106
1930     1.10101
1931     1.10094
1932     1.10085
1933     1.10075
1934     1.10063
1935     1.10049
1936     1.10034
1937     1.10016
1938     1.09997
1939     1.09975
1940     1.09951
1941     1.09925
1942     1.09897
1943     1.09867
1944     1.09835
1945       1.098
1946     1.09762
1947     1.09722
1948      1.0968
1949     1.09635
1950     1.09588
1951     1.09538
1952     1.09486
1953     1.09431
1954     1.09373
1955     1.09314
1956     1.09251
1957     1.09186
1958     1.09119
1959      1.0905
1960     1.08978
1961     1.08905
1962     1.08829
1963     1.08751
1964     1.08672
1965     1.08591
1966     1.08508
1967     1.08424
1968     1.08339
1969     1.08252
1970     1.08165
1971     1.08077
1972     1.07989
1973       1.079
1974     1.07812
1975     1.07723
1976     1.07635
1977     1.07548
1978     1.07461
1979     1.07376
1980     1.07292
1981      1.0721
1982      1.0713
1983     1.07052
1984     1.06976
1985     1.06904
1986     1.06834
1987     1.06768
1988     1.06705
1989     1.06646
1990     1.06591
1991     1.06541
1992     1.06496
1993     1.06455
1994     1.06419
1995     1.06388
1996     1.06363
1997     1.06344
1998     1.06331
1999     1.06323
2000     1.06322
2001     1.06326
2002     1.06338
2003     1.06355
2004     1.06379
2005      1.0641
2006     1.06447
2007     1.06491
2008     1.06541
2009     1.06598
2010     1.06661
2011     1.06731
2012     1.06807
2013     1.06889
2014     1.06977
2015     1.07071
2016     1.07171
2017     1.07277
2018     1.07387
2019     1.07503
2020     1.07624
2021      1.0775
2022     1.07881
2023     1.08015
2024     1.08154
2025     1.08296
2026     1.08442
2027     1.08591
2028     1.08743
2029     1.08898
2030     1.09055
2031     1.09214
2032     1.09375
2033     1.09538
2034     1.09703
2035     1.09868
2036     1.10034
2037     1.10201
2038     1.10369
2039     1.10536
2040     1.10704
2041     1.10871
2042     1.11038
2043     1.11204
2044      1.1137
2045     1.11534
2046     1.11698
2047      1.1186
2048     1.12021
2049      1.1218
2050     1.12337
2051     1.12493
2052     1.12647
2053     1.12798
2054     1.12948
2055     1.13095
2056      1.1324
2057     1.13383
2058     1.13523
2059     1.13661
2060     1.13796
2061     1.13929
2062     1.14059
2063     1.14187
2064     1.14311
2065     1.14433
2066     1.14553
2067      1.1467
2068     1.14784
2069     1.14895
2070     1.15004
2071      1.1511
2072     1.15213
2073     1.15313
2074     1.15411
2075     1.15506
2076     1.15599
2077     1.15688
2078     1.15775
2079     1.15859
2080     1.15941
2081      1.1602
2082     1.16097
2083     1.16171
2084     1.16242
2085     1.16311
2086     1.16377
2087     1.16441
2088     1.16502
2089     1.16561
2090     1.16617
2091     1.16671
2092     1.16722
2093     1.16771
2094     1.16818
2095     1.16862
2096     1.16905
2097     1.16945
2098     1.16982
2099     1.17018
2100     1.17052
2101     1.17083
2102     1.17113
2103     1.17141
2104     1.17167
2105     1.17191
2106     1.17214
2107     1.17235
2108     1.17254
2109     1.17272
2110     1.17288
2111     1.17303
2112     1.17317
2113      1.1733
2114     1.17341
2115     1.17352
2116     1.17361
2117      1.1737
2118     1.17378
2119     1.17385
2120     1.17392
2121     1.17398
2122     1.17403
2123     1.17408
2124     1.17413
2125     1.17418
2126     1.17422
2127     1.17426
2128     1.17431
2129     1.17435
2130     1.17439
2131     1.17444
2132     1.17448
2133     1.17453
2134     1.17458
2135     1.17464
2136     1.17469
2137     1.17476
2138     1.17482
2139     1.17489
2140     1.17497
2141     1.17505
2142     1.17514
2143     1.17524
2144     1.17534
2145     1.17545
2146     1.17556
2147     1.17569
2148     1.17582
2149     1.17595
2150      1.1761
2151     1.17626
2152     1.17642
2153      1.1766
2154     1.17678
2155     1.17698
2156     1.17718
2157      1.1774
2158     1.17763
2159     1.17787
2160     1.17812
2161     1.17838
2162     1.17866
2163     1.17895
2164     1.17926
2165     1.17958
2166     1.17991
2167     1.18025
2168     1.18061
2169     1.18098
2170     1.18136
2171     1.18175
2172     1.18215
2173     1.18256
2174     1.18298
2175     1.18341
2176     1.18384
2177     1.18428
2178     1.18472
2179     1.18515
2180     1.18559
2181     1.18602
2182     1.18644
2183     1.18686
2184     1.18726
2185     1.18765
2186     1.18802
2187     1.18837
2188      1.1887
2189       1.189
2190     1.18927
2191     1.18951
2192     1.18971
2193     1.18987
2194     1.18999
2195     1.19007
2196     1.19009
2197     1.19007
2198        1.19
2199     1.18987
2200     1.18968
2201     1.18944
2202     1.18913
2203     1.18876
2204     1.18833
2205     1.18783
2206     1.18727
2207     1.18664
2208     1.18594
2209     1.18517
2210     1.18434
2211     1.18343
2212     1.18246
2213     1.18142
2214     1.18032
2215     1.17914
2216     1.17791
2217     1.17661
2218     1.17525
2219     1.17383
2220     1.17235
2221     1.17081
2222     1.16922
2223     1.16758
2224     1.16589
2225     1.16415
2226     1.16236
2227     1.16054
2228     1.15867
2229     1.15677
2230     1.15483
2231     1.15286
2232     1.15087
2233     1.14884
2234      1.1468
2235     1.14474
2236     1.14265
2237     1.14056
2238     1.13845
2239     1.13634
2240     1.13422
2241     1.13209
2242     1.12997
2243     1.12785
2244     1.12573
2245     1.12362
2246     1.12152
2247     1.11943
2248     1.11736
2249      1.1153
2250     1.11326
2251     1.11125
2252     1.10925
2253     1.10728
2254     1.10534
2255     1.10342
2256     1.10154
2257     1.09969
2258     1.09787
2259     1.09608
2260     1.09433
2261     1.09262
2262     1.09094
2263     1.08931
2264     1.08772
2265     1.08617
2266     1.08466
2267      1.0832
2268     1.08178
2269     1.08041
2270     1.07908
2271     1.07781
2272     1.07658
2273      1.0754
2274     1.07428
2275      1.0732
2276     1.07218
2277      1.0712
2278     1.07028
2279     1.06941
2280      1.0686
2281     1.06783
2282     1.06713
2283     1.06647
2284     1.06587
2285     1.06532
2286     1.06482
2287     1.06438
2288     1.06399
2289     1.06365
2290     1.06336
2291     1.06313
2292     1.06294
2293     1.06281
2294     1.06272
2295     1.06268
2296     1.06269
2297     1.06274
2298     1.06284
2299     1.06298
2300     1.06315
2301     1.06337
2302     1.06363
2303     1.06392
2304     1.06425
2305     1.06461
2306       1.065
2307     1.06541
2308     1.06586
2309     1.06632
2310     1.06681
2311     1.06732
2312     1.06785
2313      1.0684
2314     1.06895
2315     1.06952
2316     1.07011
2317     1.07069
2318     1.07129
2319     1.07189
2320      1.0725
2321      1.0731
2322     1.07371
2323     1.07431
2324     1.07492
2325     1.07552
2326     1.07611
2327      1.0767
2328     1.07729
2329     1.07787
2330     1.07845
2331     1.07901
2332     1.07957
2333     1.08013
2334     1.08068
2335     1.08122
2336     1.08176
2337      1.0823
2338     1.08283
2339     1.08336
2340     1.08389
2341     1.08442
2342     1.08494
2343     1.08547
2344       1.086
2345     1.08654
2346     1.08708
2347     1.08763
2348     1.08818
2349     1.08875
2350     1.08932
2351     1.08991
2352      1.0905
2353     1.09111
2354     1.09174
2355     1.09237
2356     1.09303
2357     1.09369
2358     1.09438
2359     1.09507
2360     1.09579
2361     1.09652
2362     1.09726
2363     1.09802
2364     1.09879
2365     1.09957
2366     1.10037
2367     1.10117
2368     1.10198
2369     1.10279
2370     1.10361
2371     1.10443
2372     1.10524
2373     1.10606
2374     1.10687
2375     1.10767
2376     1.10846
2377     1.10924
2378     1.11001
2379     1.11075
2380     1.11147
2381     1.11217
2382     1.11285
2383     1.11349
2384     1.11411
2385     1.11469
2386     1.11523
2387     1.11574
2388      1.1162
2389     1.11663
2390     1.11701
2391     1.11734
2392     1.11763
2393     1.11787
2394     1.11806
2395     1.11819
2396     1.11828
2397     1.11832
2398      1.1183
2399     1.11823
2400     1.11811
2401     1.11793
2402     1.11771
2403     1.11743
2404      1.1171
2405     1.11672
2406      1.1163
2407     1.11583
2408     1.11531
2409     1.11475
2410     1.11415
2411     1.11351
2412     1.11284
2413     1.11212
2414     1.11138
2415     1.11061
2416     1.10981
2417     1.10899
2418     1.10814
2419     1.10728
2420      1.1064
2421     1.10552
2422     1.10462
2423     1.10372
2424     1.10282
2425     1.10192
2426     1.10102
2427     1.10013
2428     1.09926
2429     1.09839
2430     1.09755
2431     1.09672
2432     1.09592
2433     1.09514
2434     1.09439
2435     1.09368
2436     1.09299
2437     1.09235
2438     1.09174
2439     1.09117
2440     1.09065
2441     1.09017
2442     1.08973
2443     1.08935
2444     1.08901
2445     1.08873
2446     1.08849
2447     1.08831
2448     1.08819
2449     1.08812
2450      1.0881
2451     1.08814
2452     1.08824
2453      1.0884
2454     1.08861
2455     1.08887
2456      1.0892
2457     1.08958
2458     1.09001
2459      1.0905
2460     1.09105
2461     1.09165
2462     1.09231
2463     1.09302
2464     1.09378
2465     1.09459
2466     1.09545
2467     1.09636
2468     1.09732
2469     1.09832
2470     1.09937
2471     1.10047
2472     1.10161
2473     1.10278
2474       1.104
2475     1.10526
2476     1.10655
2477     1.10787
2478     1.10923
2479     1.11063
2480     1.11205
2481      1.1135
2482     1.11497
2483     1.11648
2484       1.118
2485     1.11955
2486     1.12111
2487      1.1227
2488      1.1243
2489     1.12592
2490     1.12754
2491     1.12918
2492     1.13083
2493     1.13248
2494     1.13414
2495     1.13581
2496     1.13747
2497     1.13913
2498      1.1408
2499     1.14246
2500     1.14411
2501     1.14575
2502     1.14739
2503     1.14901
2504     1.15062
2505     1.15222
2506      1.1538
2507     1.15536
2508     1.15691
2509     1.15843
2510     1.15993
2511      1.1614
2512     1.16285
2513     1.16426
2514     1.16565
2515     1.16701
2516     1.16834
2517     1.16963
2518     1.17088
2519      1.1721
2520     1.17328
2521     1.17442
2522     1.17551
2523     1.17657
2524     1.17758
2525     1.17854
2526     1.17946
2527     1.18033
2528     1.18115
2529     1.18192
2530     1.18264
2531     1.18331
2532     1.18392
2533     1.18448
2534     1.18499
2535     1.18544
2536     1.18584
2537     1.18617
2538     1.18645
2539     1.18668
2540     1.18684
2541     1.18694
2542     1.18699
2543     1.18697
2544      1.1869
2545     1.18677
2546     1.18657
2547     1.18632
2548     1.18601
2549     1.18563
2550      1.1852
2551     1.18471
2552     1.18416
2553     1.18356
2554      1.1829
2555     1.18218
2556     1.18141
2557     1.18058
2558      1.1797
2559     1.17877
2560     1.17779
2561     1.17676
2562     1.17569
2563     1.17457
2564      1.1734
2565     1.17219
2566     1.17095
2567     1.16966
2568     1.16834
2569     1.16699
2570      1.1656
2571     1.16418
2572     1.16274
2573     1.16127
2574     1.15978
2575     1.15827
2576     1.15675
2577     1.15521
2578     1.15365
2579     1.15209
2580     1.15052
2581     1.14895
2582     1.14738
2583      1.1458
2584     1.14423
2585     1.14267
2586     1.14111
2587     1.13957
2588     1.13803
2589     1.13652
2590     1.13501
2591     1.13353
2592     1.13207
2593     1.13063
2594     1.12922
2595     1.12784
2596     1.12648
2597     1.12516
2598     1.12386
2599      1.1226
2600     1.12137
2601     1.12018
2602     1.11903
2603     1.11791
2604     1.11683
2605      1.1158
2606      1.1148
2607     1.11385
2608     1.11293
2609     1.11206
2610     1.11123
2611     1.11045
2612     1.10971
2613     1.10901
2614     1.10835
2615     1.10774
2616     1.10717
2617     1.10665
2618     1.10617
2619     1.10573
2620     1.10533
2621     1.10498
2622     1.10467
2623      1.1044
2624     1.10418
2625     1.10399
2626     1.10385
2627     1.10374
2628     1.10368
2629     1.10365
2630     1.10366
2631     1.10371
2632      1.1038
2633     1.10392
2634     1.10407
2635     1.10426
2636     1.10448
2637     1.10473
2638     1.10501
2639     1.10532
2640     1.10565
2641     1.10602
2642     1.10641
2643     1.10682
2644     1.10725
2645     1.10771
2646     1.10819
2647     1.10868
2648     1.10919
2649     1.10971
2650     1.11025
2651      1.1108
2652     1.11137
2653     1.11194
2654     1.11251
2655      1.1131
2656     1.11369
2657     1.11428
2658     1.11487
2659     1.11546
2660     1.11605
2661     1.11664
2662     1.11723
2663      1.1178
2664     1.11837
2665     1.11894
2666     1.11949
2667     1.12003
2668     1.12056
2669     1.12107
2670     1.12158
2671     1.12206
2672     1.12253
2673     1.12298
2674     1.12341
2675     1.12383
2676     1.12422
2677     1.12459
2678     1.12495
2679     1.12528
2680     1.12559
2681     1.12588
2682     1.12615
2683      1.1264
2684     1.12662
2685     1.12683
2686     1.12701
2687     1.12717
2688     1.12732
2689     1.12744
2690     1.12754
2691     1.12763
2692     1.12769
2693     1.12775
2694     1.12778
2695      1.1278
2696     1.12781
2697      1.1278
2698     1.12779
2699     1.12776
2700     1.12772
2701     1.12768
2702     1.12763
2703     1.12757
2704     1.12751
2705     1.12744
2706     1.12737
2707      1.1273
2708     1.12723
2709     1.12716
2710     1.12709
2711     1.12702
2712     1.12695
2713     1.12689
2714     1.12683
2715     1.12677
2716     1.12672
2717     1.12667
2718     1.12663
2719     1.12659
2720     1.12655
2721     1.12652
2722      1.1265
2723     1.12648
2724     1.12646
2725     1.12644
2726     1.12643
2727     1.12642
2728     1.12641
2729      1.1264
2730     1.12639
2731     1.12638
2732     1.12637
2733     1.12636
2734     1.12634
2735     1.12632
2736      1.1263
2737     1.12627
2738     1.12624
2739      1.1262
2740     1.12615
2741      1.1261
2742     1.12604
2743     1.12597
2744     1.12589
2745     1.12581
2746     1.12571
2747     1.12561
2748      1.1255
2749     1.12538
2750     1.12525
2751     1.12511
2752     1.12496
2753      1.1248
2754     1.12463
2755     1.12446
2756     1.12428
2757     1.12409
2758     1.12389
2759     1.12369
2760     1.12349
2761     1.12328
2762     1.12306
2763     1.12285
2764     1.12263
2765     1.12241
2766     1.12219
2767     1.12198
2768     1.12176
2769     1.12155
2770     1.12134
2771     1.12114
2772     1.12094
2773     1.12075
2774     1.12057
2775      1.1204
2776     1.12024
2777     1.12009
2778     1.11995
2779     1.11982
2780      1.1197
2781      1.1196
2782     1.11952
2783     1.11945
2784     1.11939
2785     1.11936
2786     1.11934
2787     1.11933
2788     1.11935
2789     1.11938
2790     1.11943
2791      1.1195
2792     1.11958
2793     1.11969
2794     1.11981
2795     1.11995
2796     1.12011
2797     1.12028
2798     1.12047
2799     1.12068
2800      1.1209
2801     1.12114
2802      1.1214
2803     1.12167
2804     1.12195
2805     1.12224
2806     1.12255
2807     1.12287
2808      1.1232
2809     1.12354
2810     1.12389
2811     1.12425
2812     1.12462
2813     1.12499
2814     1.12537
2815     1.12575
2816     1.12614
2817     1.12653
2818     1.12693
2819     1.12733
2820     1.12773
2821     1.12813
2822     1.12853
2823     1.12893
2824     1.12932
2825     1.12972
2826     1.13012
2827     1.13051
2828     1.13089
2829     1.13128
2830     1.13165
2831     1.13203
2832     1.13239
2833     1.13275
2834      1.1331
2835     1.13345
2836     1.13379
2837     1.13411
2838     1.13443
2839     1.13474
2840     1.13504
2841     1.13533
2842     1.13562
2843     1.13588
2844     1.13614
2845     1.13639
2846     1.13663
2847     1.13685
2848     1.13706
2849     1.13726
2850     1.13744
2851     1.13761
2852     1.13777
2853     1.13791
2854     1.13803
2855     1.13814
2856     1.13824
2857     1.13831
2858     1.13837
2859     1.13842
2860     1.13844
2861     1.13844
2862     1.13843
2863      1.1384
2864     1.13834
2865     1.13827
2866     1.13817
2867     1.13806
2868     1.13792
2869     1.13776
2870     1.13757
2871     1.13736
2872     1.13713
2873     1.13687
2874     1.13659
2875     1.13628
2876     1.13594
2877     1.13558
2878     1.13519
2879     1.13477
2880     1.13432
2881     1.13385
2882     1.13334
2883     1.13281
2884     1.13224
2885     1.13165
2886     1.13103
2887     1.13037
2888     1.12969
2889     1.12898
2890     1.12823
2891     1.12746
2892     1.12666
2893     1.12582
2894     1.12496
2895     1.12407
2896     1.12314
2897     1.12219
2898     1.12122
2899     1.12021
2900     1.11918
2901     1.11812
2902     1.11704
2903     1.11593
2904      1.1148
2905     1.11365
2906     1.11248
2907     1.11129
2908     1.11008
2909     1.10885
2910     1.10761
2911     1.10636
2912     1.10509
2913     1.10381
2914     1.10252
2915     1.10123
2916     1.09993
2917     1.09863
2918     1.09732
2919     1.09601
2920     1.09471
2921     1.09341
2922     1.09212
2923     1.09083
2924     1.08955
2925     1.08829
2926     1.08704
2927      1.0858
2928     1.08458
2929     1.08338
2930      1.0822
2931     1.08104
2932     1.07991
2933      1.0788
2934     1.07772
2935     1.07667
2936     1.07564
2937     1.07465
2938     1.07369
2939     1.07276
2940     1.07187
2941     1.07101
2942     1.07019
2943      1.0694
2944     1.06865
2945     1.06794
2946     1.06727
2947     1.06663
2948     1.06604
2949     1.06548
2950     1.06496
2951     1.06448
2952     1.06403
2953     1.06363
2954     1.06326
2955     1.06293
2956     1.06264
2957     1.06238
2958     1.06216
2959     1.06198
2960     1.06183
2961     1.06171
2962     1.06163
2963     1.06158
2964     1.06156
2965     1.06157
2966     1.06161
2967     1.06168
2968     1.06178
2969     1.06191
2970     1.06206
2971     1.06224
2972     1.06245
2973     1.06268
2974     1.06293
2975     1.06321
2976      1.0635
2977     1.06382
2978     1.06416
2979     1.06452
2980      1.0649
2981     1.06529
2982     1.06571
2983     1.06614
2984     1.06658
2985     1.06704
2986     1.06751
2987       1.068
2988      1.0685
2989     1.06901
2990     1.06953
2991     1.07006
2992      1.0706
2993     1.07115
2994      1.0717
2995     1.07226
2996     1.07283
2997      1.0734
2998     1.07397
2999     1.07455
3000     1.07513
3001     1.07571
3002     1.07629
3003     1.07686
3004     1.07743
3005       1.078
3006     1.07856
3007     1.07911
3008     1.07966
3009     1.08019
3010     1.08071
3011     1.08121
3012      1.0817
3013     1.08217
3014     1.08262
3015     1.08305
3016     1.08346
3017     1.08384
3018      1.0842
3019     1.08452
3020     1.08482
3021     1.08508
3022     1.08531
3023      1.0855
3024     1.08565
3025     1.08576
3026     1.08583
3027     1.08585
3028     1.08583
3029     1.08576
3030     1.08564
3031     1.08547
3032     1.08525
3033     1.08498
3034     1.08465
3035     1.08427
3036     1.08383
3037     1.08334
3038     1.08279
3039     1.08218
3040     1.08152
3041      1.0808
3042     1.08002
3043     1.07919
3044      1.0783
3045     1.07735
3046     1.07635
3047      1.0753
3048      1.0742
3049     1.07304
3050     1.07184
3051     1.07059
3052      1.0693
3053     1.06796
3054     1.06659
3055     1.06517
3056     1.06372
3057     1.06224
3058     1.06073
3059     1.05919
3060     1.05763
3061     1.05605
3062     1.05446
3063     1.05285
3064     1.05124
3065     1.04961
3066     1.04799
3067     1.04637
3068     1.04475
3069     1.04314
3070     1.04155
3071     1.03997
3072     1.03841
3073     1.03687
3074     1.03536
3075     1.03388
3076     1.03243
3077     1.03102
3078     1.02964
3079     1.02831
3080     1.02702
3081     1.02578
3082     1.02459
3083     1.02345
3084     1.02236
3085     1.02133
3086     1.02035
3087     1.01944
3088     1.01858
3089     1.01778
3090     1.01705
3091     1.01637
3092     1.01576
3093     1.01522
3094     1.01474
3095     1.01432
3096     1.01397
3097     1.01368
3098     1.01346
3099      1.0133
3100      1.0132
3101     1.01317
3102      1.0132
3103      1.0133
3104     1.01345
3105     1.01366
3106     1.01394
3107     1.01427
3108     1.01465
3109      1.0151
3110      1.0156
3111     1.01615
3112     1.01675
3113     1.01741
3114     1.01811
3115     1.01887
3116     1.01967
3117     1.02052
3118     1.02141
3119     1.02234
3120     1.02332
3121     1.02434
3122     1.02539
3123     1.02648
3124     1.02761
3125     1.02878
3126     1.02997
3127      1.0312
3128     1.03246
3129     1.03375
3130     1.03507
3131     1.03641
3132     1.03778
3133     1.03918
3134     1.04059
3135     1.04203
3136     1.04349
3137     1.04497
3138     1.04646
3139     1.04797
3140      1.0495
3141     1.05104
3142      1.0526
3143     1.05417
3144     1.05574
3145     1.05733
3146     1.05893
3147     1.06053
3148     1.06214
3149     1.06376
3150     1.06538
3151       1.067
3152     1.06863
3153     1.07025
3154     1.07188
3155     1.07351
3156     1.07514
3157     1.07676
3158     1.07838
3159        1.08
3160     1.08161
3161     1.08322
3162     1.08482
3163     1.08641
3164     1.08799
3165     1.08957
3166     1.09113
3167     1.09269
3168     1.09423
3169     1.09576
3170     1.09728
3171     1.09878
3172     1.10027
3173     1.10175
3174     1.10321
3175     1.10466
3176     1.10609
3177      1.1075
3178     1.10889
3179     1.11027
3180     1.11163
3181     1.11297
3182     1.11429
3183     1.11559
3184     1.11687
3185     1.11813
3186     1.11937
3187     1.12059
3188     1.12178
3189     1.12296
3190     1.12411
3191     1.12523
3192     1.12633
3193     1.12741
3194     1.12846
3195     1.12949
3196      1.1305
3197     1.13147
3198     1.13243
3199     1.13335
3200     1.13425
3201     1.13513
3202     1.13598
3203      1.1368
3204     1.13759
3205     1.13836
3206     1.13909
3207     1.13981
3208     1.14049
3209     1.14114
3210     1.14177
3211     1.14236
3212     1.14293
3213     1.14347
3214     1.14398
3215     1.14447
3216     1.14492
3217     1.14535
3218     1.14574
3219     1.14611
3220     1.14645
3221     1.14676
3222     1.14704
3223     1.14729
3224     1.14751
3225     1.14771
3226     1.14788
3227     1.14801
3228     1.14813
3229     1.14821
3230     1.14826
3231     1.14829
3232     1.14829
3233     1.14827
3234     1.14821
3235     1.14813
3236     1.14803
3237      1.1479
3238     1.14774
3239     1.14756
3240     1.14736
3241     1.14712
3242     1.14687
3243     1.14659
3244     1.14629
3245     1.14596
3246     1.14561
3247     1.14525
3248     1.14485
3249     1.14444
3250     1.14401
3251     1.14355
3252     1.14308
3253     1.14258
3254     1.14207
3255     1.14153
3256     1.14098
3257     1.14041
3258     1.13982
3259     1.13921
3260     1.13858
3261     1.13794
3262     1.13728
3263      1.1366
3264     1.13591
3265      1.1352
3266     1.13448
3267     1.13374
3268     1.13299
3269     1.13222
3270     1.13144
3271     1.13064
3272     1.12983
3273     1.12901
3274     1.12817
3275     1.12732
3276     1.12645
3277     1.12558
3278     1.12469
3279     1.12378
3280     1.12286
3281     1.12193
3282     1.12099
3283     1.12004
3284     1.11907
3285     1.11808
3286     1.11709
3287     1.11608
3288     1.11506
3289     1.11402
3290     1.11297
3291      1.1119
3292     1.11082
3293     1.10973
3294     1.10862
3295      1.1075
3296     1.10636
3297     1.10521
3298     1.10404
3299     1.10286
3300     1.10166
3301     1.10045
3302     1.09922
3303     1.09798
3304     1.09672
3305     1.09544
3306     1.09415
3307     1.09284
3308     1.09152
3309     1.09018
3310     1.08882
3311     1.08746
3312     1.08607
3313     1.08468
3314     1.08327
3315     1.08184
3316     1.08041
3317     1.07896
3318      1.0775
3319     1.07603
3320     1.07456
3321     1.07307
3322     1.07158
3323     1.07007
3324     1.06857
3325     1.06706
3326     1.06555
3327     1.06403
3328     1.06252
3329     1.06101
3330      1.0595
3331     1.05799
3332     1.05649
3333       1.055
3334     1.05352
3335     1.05205
3336     1.05059
3337     1.04915
3338     1.04772
3339     1.04631
3340     1.04493
3341     1.04356
3342     1.04222
3343      1.0409
3344     1.03962
3345     1.03836
3346     1.03713
3347     1.03594
3348     1.03478
3349     1.03366
3350     1.03258
3351     1.03154
3352     1.03054
3353     1.02959
3354     1.02869
3355     1.02783
3356     1.02702
3357     1.02626
3358     1.02555
3359      1.0249
3360      1.0243
3361     1.02376
3362     1.02327
3363     1.02285
3364     1.02248
3365     1.02218
3366     1.02193
3367     1.02175
3368     1.02163
3369     1.02158
3370     1.02159
3371     1.02166
3372      1.0218
3373     1.02201
3374     1.02228
3375     1.02262
3376     1.02302
3377     1.02349
3378     1.02402
3379     1.02462
3380     1.02528
3381       1.026
3382     1.02679
3383     1.02764
3384     1.02855
3385     1.02952
3386     1.03055
3387     1.03164
3388     1.03278
3389     1.03398
3390     1.03523
3391     1.03654
3392     1.03789
3393     1.03929
3394     1.04074
3395     1.04223
3396     1.04376
3397     1.04533
3398     1.04693
3399     1.04857
3400     1.05025
3401     1.05195
3402     1.05368
3403     1.05544
3404     1.05722
3405     1.05901
3406     1.06083
3407     1.06266
3408     1.06451
3409     1.06636
3410     1.06823
3411      1.0701
3412     1.07198
3413     1.07385
3414     1.07573
3415     1.07761
3416     1.07948
3417     1.08134
3418      1.0832
3419     1.08505
3420     1.08689
3421     1.08872
3422     1.09053
3423     1.09233
3424     1.09411
3425     1.09587
3426     1.09762
3427     1.09934
3428     1.10104
3429     1.10272
3430     1.10437
3431       1.106
3432      1.1076
3433     1.10917
3434     1.11072
3435     1.11224
3436     1.11372
3437     1.11518
3438      1.1166
3439     1.11798
3440     1.11934
3441     1.12065
3442     1.12193
3443     1.12318
3444     1.12438
3445     1.12554
3446     1.12667
3447     1.12775
3448     1.12878
3449     1.12978
3450     1.13073
3451     1.13163
3452     1.13248
3453     1.13329
3454     1.13405
3455     1.13475
3456      1.1354
3457       1.136
3458     1.13655
3459     1.13704
3460     1.13748
3461     1.13786
3462     1.13818
3463     1.13844
3464     1.13865
3465     1.13879
3466     1.13887
3467      1.1389
3468     1.13886
3469     1.13876
3470     1.13859
3471     1.13837
3472     1.13808
3473     1.13773
3474     1.13731
3475     1.13684
3476      1.1363
3477     1.13571
3478     1.13505
3479     1.13433
3480     1.13356
3481     1.13273
3482     1.13184
3483      1.1309
3484     1.12991
3485     1.12887
3486     1.12777
3487     1.12664
3488     1.12546
3489     1.12423
3490     1.12297
3491     1.12168
3492     1.12034
3493     1.11898
3494      1.1176
3495     1.11618
3496     1.11475
3497      1.1133
3498     1.11183
3499     1.11035
3500     1.10886
3501     1.10737
3502     1.10588
3503     1.10439
3504      1.1029
3505     1.10142
3506     1.09995
3507     1.09849
3508     1.09705
3509     1.09563
3510     1.09423
3511     1.09286
3512     1.09151
3513      1.0902
3514     1.08891
3515     1.08766
3516     1.08644
3517     1.08526
3518     1.08411
3519       1.083
3520     1.08194
3521     1.08091
3522     1.07993
3523     1.07899
3524     1.07809
3525     1.07723
3526     1.07642
3527     1.07565
3528     1.07493
3529     1.07425
3530     1.07361
3531     1.07302
3532     1.07247
3533     1.07196
3534     1.07149
3535     1.07106
3536     1.07067
3537     1.07031
3538        1.07
3539     1.06972
3540     1.06948
3541     1.06927
3542     1.06909
3543     1.06895
3544     1.06883
3545     1.06875
3546     1.06869
3547     1.06865
3548     1.06865
3549     1.06866
3550     1.06869
3551     1.06874
3552     1.06882
3553      1.0689
3554       1.069
3555     1.06912
3556     1.06924
3557     1.06937
3558     1.06951
3559     1.06966
3560     1.06981
3561     1.06996
3562     1.07011
3563     1.07025
3564      1.0704
3565     1.07054
3566     1.07067
3567     1.07079
3568     1.07091
3569     1.07101
3570     1.07109
3571     1.07116
3572     1.07121
3573     1.07125
3574     1.07126
3575     1.07125
3576     1.07122
3577     1.07116
3578     1.07108
3579     1.07097
3580     1.07083
3581     1.07066
3582     1.07046
3583     1.07023
3584     1.06997
3585     1.06967
3586     1.06934
3587     1.06898
3588     1.06858
3589     1.06814
3590     1.06767
3591     1.06717
3592     1.06662
3593     1.06605
3594     1.06543
3595     1.06478
3596     1.06409
3597     1.06336
3598      1.0626
3599     1.06181
3600     1.06098
3601     1.06012
3602     1.05922
3603     1.05829
3604     1.05734
3605     1.05635
3606     1.05533
3607     1.05429
3608     1.05322
3609     1.05213
3610     1.05101
3611     1.04988
3612     1.04873
3613     1.04756
3614     1.04638
3615     1.04518
3616     1.04398
3617     1.04277
3618     1.04155
3619     1.04033
3620     1.03911
3621     1.03789
3622     1.03668
3623     1.03547
3624     1.03428
3625     1.03309
3626     1.03193
3627     1.03078
3628     1.02965
3629     1.02854
3630     1.02746
3631     1.02641
3632     1.02539
3633      1.0244
3634     1.02345
3635     1.02253
3636     1.02165
3637     1.02081
3638     1.02002
3639     1.01926
3640     1.01856
3641     1.01789
3642     1.01728
3643     1.01671
3644      1.0162
3645     1.01573
3646     1.01531
3647     1.01494
3648     1.01463
3649     1.01436
3650     1.01415
3651     1.01398
3652     1.01387
3653      1.0138
3654     1.01379
3655     1.01382
3656      1.0139
3657     1.01403
3658     1.01421
3659     1.01443
3660     1.01469
3661       1.015
3662     1.01534
3663     1.01573
3664     1.01616
3665     1.01663
3666     1.01713
3667     1.01767
3668     1.01824
3669     1.01885
3670     1.01948
3671     1.02015
3672     1.02084
3673     1.02156
3674     1.02231
3675     1.02308
3676     1.02388
3677     1.02469
3678     1.02553
3679     1.02639
3680     1.02727
3681     1.02816
3682     1.02907
3683        1.03
3684     1.03094
3685     1.03189
3686     1.03285
3687     1.03382
3688      1.0348
3689     1.03579
3690     1.03679
3691     1.03779
3692     1.03879
3693      1.0398
3694     1.04081
3695     1.04181
3696     1.04282
3697     1.04382
3698     1.04482
3699     1.04582
3700     1.04681
3701     1.04779
3702     1.04875
3703     1.04971
3704     1.05066
3705     1.05159
3706      1.0525
3707      1.0534
3708     1.05428
3709     1.05514
3710     1.05598
3711     1.05679
3712     1.05758
3713     1.05835
3714     1.05908
3715     1.05979
3716     1.06047
3717     1.06111
3718     1.06172
3719      1.0623
3720     1.06284
3721     1.06335
3722     1.06382
3723     1.06425
3724     1.06464
3725     1.06499
3726      1.0653
3727     1.06557
3728      1.0658
3729     1.06599
3730     1.06614
3731     1.06624
3732     1.06631
3733     1.06633
3734     1.06632
3735     1.06626
3736     1.06617
3737     1.06604
3738     1.06587
3739     1.06567
3740     1.06543
3741     1.06516
3742     1.06486
3743     1.06453
3744     1.06417
3745     1.06378
3746     1.06337
3747     1.06294
3748     1.06249
3749     1.06202
3750     1.06153
3751     1.06103
3752     1.06052
3753        1.06
3754     1.05947
3755     1.05893
3756     1.05839
3757     1.05786
3758     1.05732
3759     1.05679
3760     1.05626
3761     1.05574
3762     1.05522
3763     1.05472
3764     1.05423
3765     1.05375
3766     1.05329
3767     1.05284
3768     1.05241
3769       1.052
3770     1.05161
3771     1.05124
3772     1.05089
3773     1.05056
3774     1.05026
3775     1.04998
3776     1.04973
3777      1.0495
3778     1.04929
3779     1.04911
3780     1.04896
3781     1.04883
3782     1.04873
3783     1.04866
3784     1.04861
3785     1.04859
3786      1.0486
3787     1.04864
3788      1.0487
3789     1.04879
3790     1.04891
3791     1.04905
3792     1.04922
3793     1.04943
3794     1.04966
3795     1.04992
3796     1.05022
3797     1.05054
3798     1.05089
3799     1.05128
3800      1.0517
3801     1.05215
3802     1.05263
3803     1.05315
3804     1.05371
3805      1.0543
3806     1.05493
3807     1.05559
3808      1.0563
3809     1.05704
3810     1.05783
3811     1.05865
3812     1.05952
3813     1.06043
3814     1.06139
3815     1.06239
3816     1.06343
3817     1.06453
3818     1.06567
3819     1.06685
3820     1.06809
3821     1.06937
3822      1.0707
3823     1.07208
3824     1.07351
3825     1.07498
3826      1.0765
3827     1.07807
3828     1.07969
3829     1.08135
3830     1.08306
3831     1.08481
3832     1.08661
3833     1.08845
3834     1.09033
3835     1.09224
3836      1.0942
3837      1.0962
3838     1.09822
3839     1.10029
3840     1.10238
3841      1.1045
3842     1.10665
3843     1.10882
3844     1.11101
3845     1.11322
3846     1.11545
3847      1.1177
3848     1.11996
3849     1.12222
3850     1.12449
3851     1.12677
3852     1.12905
3853     1.13133
3854     1.13361
3855     1.13588
3856     1.13814
3857     1.14039
3858     1.14263
3859     1.14485
3860     1.14705
3861     1.14924
3862      1.1514
3863     1.15353
3864     1.15564
3865     1.15772
3866     1.15977
3867     1.16178
3868     1.16376
3869      1.1657
3870      1.1676
3871     1.16946
3872     1.17127
3873     1.17304
3874     1.17477
3875     1.17645
3876     1.17808
3877     1.17966
3878     1.18119
3879     1.18267
3880     1.18409
3881     1.18546
3882     1.18678
3883     1.18804
3884     1.18924
3885     1.19039
3886     1.19149
3887     1.19252
3888      1.1935
3889     1.19443
3890     1.19529
3891      1.1961
3892     1.19686
3893     1.19756
3894      1.1982
3895     1.19879
3896     1.19932
3897     1.19981
3898     1.20023
3899     1.20061
3900     1.20094
3901     1.20121
3902     1.20144
3903     1.20162
3904     1.20175
3905     1.20184
3906     1.20188
3907     1.20188
3908     1.20185
3909     1.20177
3910     1.20166
3911     1.20151
3912     1.20133
3913     1.20111
3914     1.20087
3915      1.2006
3916      1.2003
3917     1.19998
3918     1.19963
3919     1.19927
3920     1.19889
3921     1.19849
3922     1.19808
3923     1.19765
3924     1.19721
3925     1.19677
3926     1.19632
3927     1.19586
3928     1.19541
3929     1.19494
3930     1.19448
3931     1.19402
3932     1.19357
3933     1.19311
3934     1.19266
3935     1.19222
3936     1.19179
3937     1.19137
3938     1.19095
3939     1.19055
3940     1.19016
3941     1.18978
3942     1.18942
3943     1.18907
3944     1.18873
3945     1.18841
3946      1.1881
3947     1.18781
3948     1.18753
3949     1.18727
3950     1.18702
3951     1.18678
3952     1.18656
3953     1.18635
3954     1.18616
3955     1.18598
3956     1.18581
3957     1.18565
3958      1.1855
3959     1.18536
3960     1.18523
3961      1.1851
3962     1.18499
3963     1.18488
3964     1.18477
3965     1.18467
3966     1.18457
3967     1.18447
3968     1.18437
3969     1.18427
3970     1.18417
3971     1.18406
3972     1.18396
3973     1.18384
3974     1.18372
3975     1.18359
3976     1.18346
3977     1.18331
3978     1.18316
3979     1.18299
3980     1.18282
3981     1.18263
3982     1.18242
3983     1.18221
3984     1.18198
3985     1.18173
3986     1.18147
3987     1.18119
3988     1.18089
3989     1.18058
3990     1.18026
3991     1.17991
3992     1.17955
3993     1.17917
3994     1.17877
3995     1.17835
3996     1.17792
3997     1.17746
3998     1.17699
3999      1.1765
4000       1.176
4001     1.17547
4002     1.17493
4003     1.17437
4004     1.17379
4005      1.1732
4006     1.17259
4007     1.17197
4008     1.17132
4009     1.17067
4010        1.17
4011     1.16931
4012     1.16861
4013      1.1679
4014     1.16717
4015     1.16643
4016     1.16568
4017     1.16492
4018     1.16416
4019     1.16338
4020     1.16259
4021     1.16179
4022     1.16099
4023     1.16018
4024     1.15936
4025     1.15854
4026     1.15772
4027     1.15689
4028     1.15605
4029     1.15522
4030     1.15438
4031     1.15355
4032     1.15271
4033     1.15187
4034     1.15104
4035     1.15021
4036     1.14939
4037     1.14857
4038     1.14775
4039     1.14694
4040     1.14614
4041     1.14535
4042     1.14457
4043     1.14379
4044     1.14303
4045     1.14228
4046     1.14154
4047     1.14081
4048      1.1401
4049     1.13939
4050      1.1387
4051     1.13803
4052     1.13737
4053     1.13672
4054     1.13609
4055     1.13548
4056     1.13487
4057     1.13429
4058     1.13372
4059     1.13316
4060     1.13262
4061     1.13209
4062     1.13157
4063     1.13107
4064     1.13059
4065     1.13011
4066     1.12965
4067      1.1292
4068     1.12877
4069     1.12834
4070     1.12792
4071     1.12752
4072     1.12712
4073     1.12673
4074     1.12635
4075     1.12598
4076     1.12562
4077     1.12527
4078     1.12493
4079     1.12459
4080     1.12426
4081     1.12394
4082     1.12363
4083     1.12332
4084     1.12303
4085     1.12274
4086     1.12246
4087      1.1222
4088     1.12194
4089     1.12169
4090     1.12146
4091     1.12124
4092     1.12104
4093     1.12084
4094     1.12067
4095     1.12051
4096     1.12037
4097     1.12025
4098     1.12015
4099     1.12006
4100        1.12
4101     1.11997
4102     1.11995
4103     1.11996
4104        1.12
4105     1.12006
4106     1.12015
4107     1.12027
4108     1.12041
4109     1.12059
4110     1.12079
4111     1.12102
4112     1.12128
4113     1.12158
4114      1.1219
4115     1.12226
4116     1.12264
4117     1.12306
4118     1.12351
4119     1.12399
4120      1.1245
4121     1.12504
4122     1.12561
4123     1.12621
4124     1.12683
4125     1.12749
4126     1.12817
4127     1.12888
4128     1.12961
4129     1.13037
4130     1.13115
4131     1.13195
4132     1.13277
4133     1.13361
4134     1.13446
4135     1.13533
4136     1.13621
4137      1.1371
4138     1.13799
4139      1.1389
4140     1.13981
4141     1.14072
4142     1.14163
4143     1.14254
4144     1.14345
4145     1.14434
4146     1.14523
4147      1.1461
4148     1.14696
4149      1.1478
4150     1.14863
4151     1.14943
4152      1.1502
4153     1.15095
4154     1.15167
4155     1.15236
4156     1.15302
4157     1.15364
4158     1.15422
4159     1.15476
4160     1.15527
4161     1.15572
4162     1.15614
4163     1.15651
4164     1.15683
4165     1.15711
4166     1.15733
4167      1.1575
4168     1.15763
4169      1.1577
4170     1.15772
4171     1.15768
4172     1.15759
4173     1.15745
4174     1.15726
4175     1.15701
4176      1.1567
4177     1.15634
4178     1.15593
4179     1.15546
4180     1.15494
4181     1.15437
4182     1.15374
4183     1.15307
4184     1.15234
4185     1.15156
4186     1.15074
4187     1.14986
4188     1.14894
4189     1.14797
4190     1.14696
4191      1.1459
4192      1.1448
4193     1.14366
4194     1.14248
4195     1.14126
4196        1.14
4197     1.13871
4198     1.13738
4199     1.13602
4200     1.13463
4201     1.13321
4202     1.13176
4203     1.13028
4204     1.12878
4205     1.12725
4206      1.1257
4207     1.12414
4208     1.12255
4209     1.12095
4210     1.11933
4211      1.1177
4212     1.11606
4213     1.11441
4214     1.11275
4215     1.11109
4216     1.10942
4217     1.10774
4218     1.10607
4219      1.1044
4220     1.10273
4221     1.10106
4222      1.0994
4223     1.09775
4224      1.0961
4225     1.09447
4226     1.09284
4227     1.09124
4228     1.08964
4229     1.08807
4230     1.08651
4231     1.08497
4232     1.08345
4233     1.08196
4234     1.08049
4235     1.07904
4236     1.07762
4237     1.07623
4238     1.07487
4239     1.07354
4240     1.07225
4241     1.07098
4242     1.06975
4243     1.06855
4244     1.06739
4245     1.06627
4246     1.06518
4247     1.06414
4248     1.06313
4249     1.06217
4250     1.06124
4251     1.06036
4252     1.05953
4253     1.05873
4254     1.05799
4255     1.05729
4256     1.05663
4257     1.05602
4258     1.05546
4259     1.05495
4260     1.05449
4261     1.05408
4262     1.05371
4263      1.0534
4264     1.05314
4265     1.05293
4266     1.05277
4267     1.05266
4268     1.05261
4269     1.05261
4270     1.05266
4271     1.05276
4272     1.05292
4273     1.05313
4274     1.05339
4275      1.0537
4276     1.05407
4277     1.05448
4278     1.05495
4279     1.05547
4280     1.05604
4281     1.05665
4282     1.05732
4283     1.05803
4284     1.05879
4285      1.0596
4286     1.06045
4287     1.06134
4288     1.06227
4289     1.06324
4290     1.06426
4291     1.06531
4292      1.0664
4293     1.06752
4294     1.06867
4295     1.06985
4296     1.07107
4297      1.0723
4298     1.07357
4299     1.07485
4300     1.07616
4301     1.07749
4302     1.07883
4303     1.08018
4304     1.08155
4305     1.08293
4306     1.08431
4307     1.08571
4308      1.0871
4309     1.08849
4310     1.08989
4311     1.09128
4312     1.09266
4313     1.09404
4314     1.09541
4315     1.09677
4316     1.09811
4317     1.09944
4318     1.10076
4319     1.10205
4320     1.10333
4321     1.10459
4322     1.10582
4323     1.10703
4324     1.10822
4325     1.10938
4326     1.11052
4327     1.11163
4328     1.11272
4329     1.11378
4330     1.11481
4331     1.11582
4332     1.11681
4333     1.11776
4334      1.1187
4335      1.1196
4336     1.12049
4337     1.12135
4338     1.12219
4339     1.12301
4340     1.12381
4341     1.12459
4342     1.12535
4343      1.1261
4344     1.12684
4345     1.12756
4346     1.12827
4347     1.12898
4348     1.12967
4349     1.13036
4350     1.13105
4351     1.13173
4352     1.13241
4353     1.13309
4354     1.13377
4355     1.13446
4356     1.13515
4357     1.13584
4358     1.13654
4359     1.13725
4360     1.13797
4361     1.13869
4362     1.13942
4363     1.14016
4364      1.1409
4365     1.14166
4366     1.14242
4367     1.14319
4368     1.14397
4369     1.14475
4370     1.14554
4371     1.14634
4372     1.14713
4373     1.14793
4374     1.14873
4375     1.14954
4376     1.15034
4377     1.15114
4378     1.15193
4379     1.15272
4380     1.15351
4381     1.15429
4382     1.15505
4383     1.15581
4384     1.15656
4385     1.15729
4386       1.158
4387      1.1587
4388     1.15939
4389     1.16005
4390     1.16069
4391     1.16132
4392     1.16192
4393      1.1625
4394     1.16305
4395     1.16358
4396     1.16409
4397     1.16457
4398     1.16502
4399     1.16545
4400     1.16585
4401     1.16622
4402     1.16657
4403     1.16688
4404     1.16717
4405     1.16743
4406     1.16767
4407     1.16787
4408     1.16805
4409      1.1682
4410     1.16833
4411     1.16842
4412      1.1685
4413     1.16854
4414     1.16856
4415     1.16856
4416     1.16853
4417     1.16848
4418     1.16841
4419     1.16831
4420      1.1682
4421     1.16806
4422      1.1679
4423     1.16773
4424     1.16754
4425     1.16733
4426     1.16711
4427     1.16687
4428     1.16661
4429     1.16635
4430     1.16607
4431     1.16578
4432     1.16548
4433     1.16517
4434     1.16484
4435     1.16451
4436     1.16417
4437     1.16383
4438     1.16347
4439     1.16311
4440     1.16275
4441     1.16237
4442       1.162
4443     1.16161
4444     1.16123
4445     1.16083
4446     1.16044
4447     1.16003
4448     1.15963
4449     1.15922
4450      1.1588
4451     1.15838
4452     1.15796
4453     1.15753
4454      1.1571
4455     1.15666
4456     1.15622
4457     1.15577
4458     1.15532
4459     1.15486
4460      1.1544
4461     1.15394
4462     1.15346
4463     1.15299
4464     1.15251
4465     1.15202
4466     1.15153
4467     1.15103
4468     1.15053
4469     1.15002
4470     1.14951
4471     1.14899
4472     1.14847
4473     1.14795
4474     1.14742
4475     1.14689
4476     1.14636
4477     1.14582
4478     1.14528
4479     1.14475
4480     1.14421
4481     1.14367
4482     1.14313
4483      1.1426
4484     1.14206
4485     1.14153
4486       1.141
4487     1.14047
4488     1.13995
4489     1.13943
4490     1.13892
4491      1.1384
4492      1.1379
4493      1.1374
4494     1.13691
4495     1.13642
4496     1.13594
4497     1.13546
4498       1.135
4499     1.13454
4500     1.13409
4501     1.13364
4502      1.1332
4503     1.13277
4504     1.13234
4505     1.13192
4506     1.13151
4507      1.1311
4508      1.1307
4509     1.13031
4510     1.12992
4511     1.12954
4512     1.12916
4513     1.12878
4514     1.12841
4515     1.12805
4516     1.12769
4517     1.12733
4518     1.12698
4519     1.12663
4520     1.12628
4521     1.12593
4522     1.12559
4523     1.12525
4524     1.12491
4525     1.12457
4526     1.12423
4527      1.1239
4528     1.12357
4529     1.12324
4530     1.12291
4531     1.12258
4532     1.12225
4533     1.12193
4534      1.1216
4535     1.12128
4536     1.12096
4537     1.12064
4538     1.12033
4539     1.12002
4540     1.11971
4541      1.1194
4542      1.1191
4543      1.1188
4544      1.1185
4545     1.11821
4546     1.11793
4547     1.11765
4548     1.11737
4549     1.11711
4550     1.11685
4551      1.1166
4552     1.11635
4553     1.11612
4554     1.11589
4555     1.11567
4556     1.11546
4557     1.11526
4558     1.11507
4559     1.11489
4560     1.11472
4561     1.11456
4562     1.11442
4563     1.11428
4564     1.11415
4565     1.11404
4566     1.11394
4567     1.11385
4568     1.11377
4569      1.1137
4570     1.11363
4571     1.11358
4572     1.11354
4573     1.11351
4574     1.11348
4575     1.11346
4576     1.11345
4577     1.11344
4578     1.11344
4579     1.11344
4580     1.11344
4581     1.11344
4582     1.11344
4583     1.11344
4584     1.11344
4585     1.11343
4586     1.11341
4587     1.11339
4588     1.11336
4589     1.11331
4590     1.11325
4591     1.11318
4592      1.1131
4593       1.113
4594     1.11288
4595     1.11274
4596     1.11258
4597      1.1124
4598     1.11219
4599     1.11196
4600     1.11171
4601     1.11144
4602     1.11113
4603     1.11081
4604     1.11045
4605     1.11007
4606     1.10966
4607     1.10923
4608     1.10876
4609     1.10827
4610     1.10776
4611     1.10722
4612     1.10665
4613     1.10606
4614     1.10545
4615     1.10481
4616     1.10416
4617     1.10348
4618     1.10278
4619     1.10207
4620     1.10135
4621     1.10061
4622     1.09986
4623      1.0991
4624     1.09833
4625     1.09755
4626     1.09677
4627     1.09599
4628     1.09521
4629     1.09442
4630     1.09364
4631     1.09287
4632      1.0921
4633     1.09134
4634     1.09059
4635     1.08986
4636     1.08913
4637     1.08842
4638     1.08773
4639     1.08706
4640      1.0864
4641     1.08577
4642     1.08515
4643     1.08456
4644     1.08399
4645     1.08344
4646     1.08292
4647     1.08242
4648     1.08195
4649      1.0815
4650     1.08108
4651     1.08068
4652     1.08031
4653     1.07996
4654     1.07964
4655     1.07935
4656     1.07908
4657     1.07883
4658     1.07862
4659     1.07843
4660     1.07826
4661     1.07812
4662     1.07801
4663     1.07792
4664     1.07786
4665     1.07782
4666     1.07781
4667     1.07782
4668     1.07787
4669     1.07794
4670     1.07803
4671     1.07816
4672     1.07831
4673     1.07849
4674     1.07871
4675     1.07895
4676     1.07922
4677     1.07953
4678     1.07987
4679     1.08024
4680     1.08064
4681     1.08108
4682     1.08155
4683     1.08206
4684      1.0826
4685     1.08318
4686     1.08379
4687     1.08444
4688     1.08512
4689     1.08584
4690     1.08659
4691     1.08738
4692      1.0882
4693     1.08905
4694     1.08994
4695     1.09085
4696      1.0918
4697     1.09277
4698     1.09377
4699      1.0948
4700     1.09585
4701     1.09692
4702     1.09801
4703     1.09912
4704     1.10024
4705     1.10138
4706     1.10252
4707     1.10368
4708     1.10484
4709     1.10601
4710     1.10717
4711     1.10834
4712      1.1095
4713     1.11066
4714      1.1118
4715     1.11294
4716     1.11406
4717     1.11516
4718     1.11625
4719     1.11732
4720     1.11836
4721     1.11938
4722     1.12037
4723     1.12134
4724     1.12227
4725     1.12318
4726     1.12405
4727     1.12488
4728     1.12568
4729     1.12644
4730     1.12716
4731     1.12783
4732     1.12847
4733     1.12907
4734     1.12962
4735     1.13012
4736     1.13058
4737       1.131
4738     1.13137
4739     1.13169
4740     1.13196
4741     1.13219
4742     1.13237
4743     1.13251
4744     1.13259
4745     1.13263
4746     1.13262
4747     1.13256
4748     1.13246
4749     1.13231
4750     1.13211
4751     1.13187
4752     1.13158
4753     1.13125
4754     1.13087
4755     1.13045
4756     1.12999
4757     1.12948
4758     1.12893
4759     1.12834
4760      1.1277
4761     1.12703
4762     1.12631
4763     1.12556
4764     1.12477
4765     1.12393
4766     1.12306
4767     1.12216
4768     1.12122
4769     1.12024
4770     1.11922
4771     1.11818
4772     1.11709
4773     1.11598
4774     1.11483
4775     1.11365
4776     1.11243
4777     1.11119
4778     1.10992
4779     1.10861
4780     1.10727
4781     1.10591
4782     1.10451
4783     1.10309
4784     1.10163
4785     1.10015
4786     1.09864
4787     1.09711
4788     1.09554
4789     1.09395
4790     1.09233
4791     1.09069
4792     1.08901
4793     1.08732
4794     1.08559
4795     1.08384
4796     1.08206
4797     1.08025
4798     1.07842
4799     1.07657
4800     1.07469
4801     1.07278
4802     1.07085
4803      1.0689
4804     1.06692
4805     1.06492
4806      1.0629
4807     1.06085
4808     1.05879
4809      1.0567
4810      1.0546
4811     1.05247
4812     1.05033
4813     1.04818
4814     1.04601
4815     1.04383
4816     1.04163
4817     1.03943
4818     1.03722
4819       1.035
4820     1.03278
4821     1.03056
4822     1.02835
4823     1.02613
4824     1.02392
4825     1.02173
4826     1.01954
4827     1.01738
4828     1.01523
4829      1.0131
4830       1.011
4831     1.00893
4832      1.0069
4833      1.0049
4834     1.00295
4835     1.00104
4836    0.999177
4837    0.997368
4838    0.995616
4839    0.993924
4840    0.992296
4841    0.990734
4842    0.989242
4843    0.987822
4844    0.986479
4845    0.985213
4846    0.984028
4847    0.982925
4848    0.981906
4849    0.980972
4850    0.980124
4851    0.979364
4852    0.978691
4853    0.978106
4854    0.977609
4855      0.9772
4856    0.976877
4857    0.976639
4858    0.976485
4859    0.976413
4860    0.976422
4861     0.97651
4862    0.976675
4863    0.976915
4864    0.977225
4865    0.977604
4866    0.978048
4867    0.978556
4868    0.979122
4869    0.979744
4870    0.980419
4871    0.981143
4872    0.981912
4873    0.982725
4874    0.983579
4875    0.984469
4876    0.985394
4877     0.98635
4878    0.987335
4879    0.988346
4880    0.989381
4881    0.990439
4882    0.991516
4883    0.992613
4884    0.993725
4885    0.994852
4886    0.995992
4887    0.997145
4888    0.998309
4889    0.999483
4890     1.00067
4891     1.00186
4892     1.00306
4893     1.00426
4894     1.00548
4895      1.0067
4896     1.00792
4897     1.00915
4898     1.01039
4899     1.01164
4900     1.01289
4901     1.01414
4902     1.01541
4903     1.01667
4904     1.01795
4905     1.01923
4906     1.02052
4907     1.02182
4908     1.02312
4909     1.02443
4910     1.02575
4911     1.02707
4912      1.0284
4913     1.02974
4914     1.03109
4915     1.03244
4916      1.0338
4917     1.03517
4918     1.03654
4919     1.03793
4920     1.03931
4921     1.04071
4922     1.04211
4923     1.04351
4924     1.04492
4925     1.04633
4926     1.04774
4927     1.04916
4928     1.05058
4929       1.052
4930     1.05341
4931     1.05483
4932     1.05625
4933     1.05766
4934     1.05907
4935     1.06047
4936     1.06187
4937     1.06326
4938     1.06465
4939     1.06602
4940     1.06739
4941     1.06875
4942     1.07009
4943     1.07143
4944     1.07275
4945     1.07405
4946     1.07534
4947     1.07662
4948     1.07788
4949     1.07912
4950     1.08034
4951     1.08154
4952     1.08273
4953     1.08389
4954     1.08503
4955     1.08614
4956     1.08724
4957     1.08831
4958     1.08935
4959     1.09037
4960     1.09137
4961     1.09233
4962     1.09327
4963     1.09418
4964     1.09507
4965     1.09592
4966     1.09675
4967     1.09755
4968     1.09831
4969     1.09905
4970     1.09975
4971     1.10043
4972     1.10107
4973     1.10168
4974     1.10226
4975      1.1028
4976     1.10332
4977      1.1038
4978     1.10425
4979     1.10466
4980     1.10504
4981     1.10539
4982      1.1057
4983     1.10598
4984     1.10623
4985     1.10644
4986     1.10662
4987     1.10676
4988     1.10688
4989     1.10696
4990       1.107
4991     1.10702
4992       1.107
4993     1.10695
4994     1.10687
4995     1.10676
4996     1.10661
4997     1.10644
4998     1.10624
4999     1.10601
