0    -7.78449
1    -7.68126
2    -7.52568
3    -7.46943
4    -7.33446
5    -7.23504
6    -7.16058
7    -7.17092
8     -7.1315
9    -7.07411
10    -7.10216
11    -7.12108
12    -7.07939
13    -7.01586
14    -6.96498
15    -6.93332
16    -6.87931
17    -6.82047
18    -6.84928
19    -6.84486
20    -6.77507
21    -6.75172
22    -6.82082
23    -6.78942
24    -6.74944
25    -6.76148
26    -6.76045
27    -6.75473
28    -6.70443
29    -6.72908
30    -6.72362
31    -6.75923
32    -6.74725
33    -6.81807
34    -6.82171
35    -6.81506
36    -6.75744
37    -6.74369
38    -6.75623
39    -6.76157
40    -6.70899
41    -6.67456
42    -6.72442
43    -6.77425
44    -6.68737
45    -6.67427
46     -6.7538
47    -6.78178
48    -6.67409
49    -6.66951
50    -6.63758
51    -6.57372
52    -6.62009
53    -6.69251
54    -6.65332
55    -6.56684
56     -6.4747
57    -6.44969
58    -6.48153
59     -6.4782
60    -6.53906
61     -6.5346
62    -6.48566
63    -6.51658
64    -6.48295
65    -6.45473
66    -6.42849
67    -6.37873
68    -6.33914
69    -6.44011
70    -6.44105
71    -6.46769
72    -6.52609
73    -6.53619
74    -6.50283
75    -6.51141
76    -6.53324
77     -6.5644
78     -6.5845
79    -6.64533
80    -6.62612
81    -6.64234
82    -6.66985
83    -6.69464
84    -6.70653
85     -6.7004
86    -6.75719
87    -6.78911
88    -6.71998
89    -6.73313
90     -6.6818
91    -6.66726
92    -6.66171
93     -6.6117
94    -6.64137
95    -6.64467
96    -6.60976
97    -6.63985
98    -6.64262
99    -6.68348
100    -6.66855
101    -6.61944
102    -6.72554
103    -6.74132
104    -6.72908
105    -6.71831
106    -6.68983
107    -6.72656
108    -6.72038
109    -6.73329
110    -6.75224
111    -6.75171
112    -6.76955
113    -6.76846
114    -6.73658
115    -6.65949
116    -6.53718
117    -6.56638
118    -6.59666
119    -6.61656
120    -6.60159
121    -6.59142
122     -6.6461
123    -6.72788
124    -6.68845
125    -6.71214
126    -6.72188
127    -6.70694
128    -6.64702
129    -6.68338
130    -6.68042
131    -6.67709
132    -6.66273
133     -6.6546
134    -6.60023
135    -6.70808
136    -6.80532
137    -6.83731
138    -6.83132
139    -6.74495
140    -6.80999
141    -6.75894
142     -6.7726
143    -6.76421
144    -6.78009
145     -6.6874
146    -6.58462
147    -6.66953
148    -6.62726
149    -6.64454
150    -6.64513
151    -6.62891
152     -6.6411
153    -6.63899
154    -6.68573
155    -6.77095
156    -6.73176
157    -6.71017
158    -6.61559
159    -6.60297
160    -6.56375
161    -6.51081
162    -6.50035
163    -6.46713
164    -6.56253
165    -6.59953
166    -6.62261
167    -6.64573
168    -6.67003
169    -6.68578
170    -6.63593
171    -6.70318
172    -6.70697
173    -6.66473
174    -6.63176
175    -6.61841
176    -6.66632
177    -6.66826
178    -6.60624
179    -6.62442
180    -6.63063
181    -6.62548
182    -6.65844
183    -6.71808
184    -6.69821
185     -6.7339
186    -6.73681
187    -6.72901
188    -6.69723
189    -6.72913
190    -6.78666
191    -6.78262
192     -6.7042
193    -6.67567
194    -6.71195
195     -6.6215
196    -6.61619
197    -6.59912
198    -6.63485
199    -6.66282
200     -6.6522
201    -6.70354
202    -6.73681
203    -6.82358
204    -6.78322
205    -6.72991
206    -6.65129
207    -6.63188
208    -6.59427
209    -6.56754
210    -6.47545
211    -6.44747
212     -6.4939
213     -6.4993
214    -6.51364
215    -6.59754
216    -6.66093
217    -6.62875
218     -6.6954
219    -6.69901
220    -6.59064
221    -6.57341
222     -6.6145
223    -6.68028
224    -6.62923
225    -6.59616
226    -6.58368
227    -6.51609
228    -6.50515
229    -6.57488
230    -6.57519
231    -6.62224
232    -6.62946
233    -6.60164
234    -6.61911
235    -6.63209
236    -6.62367
237    -6.53912
238    -6.49271
239    -6.45252
240     -6.4832
241    -6.53411
242    -6.62321
243     -6.6276
244    -6.69965
245     -6.6844
246    -6.67465
247    -6.66578
248    -6.65617
249    -6.60204
250    -6.53905
251    -6.69325
252    -6.75374
253    -6.74061
254    -6.71578
255    -6.64517
256    -6.66845
257    -6.65258
258    -6.66283
259    -6.66488
260    -6.69342
261    -6.66811
262    -6.71171
263    -6.79803
264    -6.77988
265     -6.8193
266    -6.89651
267     -6.8722
268    -6.84252
269    -6.77951
270    -6.84776
271     -6.8193
272    -6.81183
273    -6.81215
274    -6.75268
275    -6.71265
276    -6.66828
277    -6.58014
278    -6.51621
279    -6.61976
280    -6.59039
281    -6.66566
282    -6.59863
283    -6.59107
284    -6.56692
285    -6.57467
286    -6.61162
287    -6.64887
288    -6.67378
289    -6.65537
290    -6.66656
291    -6.65446
292     -6.6685
293    -6.67384
294    -6.63564
295    -6.69452
296    -6.68285
297    -6.73337
298    -6.74764
299    -6.72219
300    -6.68013
301    -6.66196
302    -6.69614
303     -6.7133
304    -6.71113
305    -6.70541
306    -6.71383
307    -6.63041
308    -6.65344
309    -6.64132
310    -6.64843
311    -6.57525
312    -6.65704
313    -6.67418
314    -6.68044
315    -6.72251
316    -6.65427
317    -6.70582
318    -6.74652
319    -6.81036
320    -6.67914
321    -6.55218
322    -6.60736
323    -6.63171
324    -6.66253
325     -6.6268
326    -6.70258
327    -6.70743
328     -6.7151
329    -6.78011
330    -6.78318
331    -6.70937
332    -6.78211
333     -6.8254
334    -6.80203
335    -6.77654
336    -6.79383
337    -6.86338
338    -6.84634
339     -6.8029
340     -6.8762
341    -6.82533
342    -6.84008
343    -6.88365
344    -6.87796
345    -6.86098
346    -6.96776
347    -6.86869
348    -6.82293
349     -6.8841
350    -6.82268
351    -6.79186
352    -6.74786
353    -6.80649
354     -6.7788
355    -6.81857
356    -6.91151
357    -6.87041
358    -6.73465
359    -6.77354
360    -6.85639
361    -6.86864
362    -6.82349
363    -6.82931
364    -6.80548
365    -6.77884
366    -6.74748
367    -6.79315
368    -6.74055
369    -6.69136
370    -6.63883
371    -6.60133
372    -6.67941
373    -6.72007
374    -6.70254
375    -6.81296
376     -6.7774
377    -6.67899
378    -6.73342
379    -6.77267
380    -6.72903
381    -6.81088
382     -6.8565
383     -6.7947
384    -6.72171
385    -6.72898
386    -6.71262
387    -6.70527
388      -6.737
389    -6.68537
390    -6.64933
391    -6.75163
392    -6.72807
393    -6.74352
394    -6.68703
395    -6.67953
396    -6.74346
397    -6.77494
398    -6.81745
399      -6.718
400     -6.7363
401    -6.81845
402    -6.72412
403    -6.75599
404    -6.70586
405    -6.73679
406    -6.72416
407    -6.70759
408     -6.6712
409    -6.69778
410    -6.64125
411    -6.73647
412    -6.77118
413    -6.78658
414     -6.7677
415    -6.77305
416    -6.79559
417    -6.82985
418    -6.82783
419    -6.78598
420     -6.7587
421    -6.73057
422    -6.75974
423    -6.87079
424    -6.81237
425    -6.85206
426    -6.84963
427    -6.83021
428    -6.88052
429    -6.85882
430    -6.79803
431    -6.81151
432    -6.81435
433    -6.80193
434    -6.80154
435    -6.74647
436    -6.67749
437    -6.65402
438    -6.70115
439    -6.74092
440    -6.69841
441    -6.70103
442    -6.76942
443    -6.83689
444      -6.827
445    -6.77192
446    -6.74482
447    -6.76179
448    -6.73155
449    -6.73223
450    -6.71298
451    -6.71518
452    -6.71927
453    -6.84079
454    -6.87101
455    -6.81981
456    -6.78909
457    -6.72097
458    -6.73613
459    -6.76708
460    -6.83127
461    -6.86719
462    -6.80068
463    -6.78102
464    -6.69838
465    -6.67455
466    -6.63669
467    -6.68038
468    -6.72814
469    -6.70996
470    -6.72598
471    -6.74228
472    -6.71066
473    -6.74777
474    -6.70245
475    -6.60469
476    -6.66128
477    -6.63746
478    -6.57897
479    -6.59114
480    -6.55735
481    -6.55384
482    -6.59291
483    -6.59107
484    -6.72326
485      -6.761
486    -6.85347
487    -6.84632
488    -6.80018
489    -6.84401
490    -6.80042
491    -6.81708
492    -6.72989
493     -6.7367
494    -6.68825
495    -6.64366
496    -6.57613
497    -6.54826
498    -6.48485
499    -6.53876
500     -6.5071
501    -6.49822
502    -6.45078
503    -6.54898
504    -6.54277
505    -6.57447
506    -6.56988
507    -6.57264
508    -6.58468
509    -6.58202
510    -6.61549
511    -6.60458
512    -6.50472
513     -6.5698
514    -6.58557
515    -6.57124
516    -6.75931
517    -6.79539
518     -6.8035
519    -6.73818
520    -6.72885
521    -6.70273
522    -6.64323
523    -6.72669
524    -6.70639
525     -6.6119
526    -6.62307
527    -6.57038
528    -6.49425
529    -6.56807
530    -6.67135
531    -6.75476
532    -6.72629
533    -6.78733
534    -6.78483
535    -6.65103
536     -6.6067
537    -6.63883
538    -6.57841
539    -6.54578
540    -6.63427
541     -6.6264
542    -6.60679
543    -6.60141
544    -6.61868
545    -6.61491
546    -6.69967
547    -6.72348
548    -6.73182
549    -6.72077
550    -6.64048
551    -6.71746
552    -6.64617
553    -6.70231
554    -6.68136
555    -6.65101
556    -6.71283
557    -6.68213
558    -6.68891
559    -6.70604
560    -6.68212
561    -6.66719
562    -6.73109
563    -6.73173
564    -6.75827
565    -6.68258
566    -6.65283
567    -6.64113
568    -6.69781
569    -6.67073
570    -6.65334
571    -6.65873
572    -6.62565
573    -6.65956
574    -6.69378
575    -6.74112
576    -6.79757
577    -6.68506
578    -6.63911
579    -6.76947
580    -6.81798
581    -6.79693
582    -6.81457
583     -6.8133
584    -6.81733
585    -6.82451
586    -6.87122
587    -6.85825
588    -6.91166
589    -6.88959
590     -6.8845
591    -6.89504
592    -6.87101
593    -6.82709
594    -6.77637
595    -6.73022
596    -6.78385
597    -6.80952
598    -6.83564
599    -6.82784
600    -6.78827
601    -6.80566
602    -6.81237
603    -6.76372
604    -6.75868
605    -6.73671
606    -6.65075
607    -6.69198
608    -6.67373
609    -6.71513
610    -6.71135
611    -6.71044
612    -6.66811
613    -6.65715
614     -6.7012
615    -6.71914
616    -6.77601
617    -6.78844
618    -6.81012
619    -6.77326
620    -6.76213
621    -6.76241
622    -6.79031
623    -6.80331
624    -6.83944
625    -6.84132
626    -6.84474
627    -6.82293
628    -6.91637
629    -6.92418
630    -6.89006
631    -6.90192
632     -6.8473
633    -6.83938
634    -6.88336
635    -6.85342
636    -6.78039
637    -6.79914
638    -6.85504
639    -6.79465
640     -6.7805
641    -6.75497
642    -6.75368
643    -6.70473
644     -6.7285
645    -6.71364
646    -6.71083
647    -6.69013
648     -6.6375
649    -6.64942
650     -6.6263
651    -6.71459
652    -6.67599
653    -6.70238
654    -6.78934
655    -6.79885
656    -6.79585
657    -6.78371
658    -6.61502
659    -6.58439
660    -6.56024
661    -6.58889
662    -6.62502
663     -6.6701
664    -6.64825
665    -6.63093
666    -6.54679
667    -6.54534
668    -6.54316
669     -6.4906
670    -6.58217
671    -6.63412
672     -6.5416
673    -6.51543
674    -6.55035
675    -6.52826
676    -6.49207
677    -6.51709
678    -6.56656
679    -6.51353
680    -6.57674
681    -6.47914
682    -6.52703
683    -6.56518
684    -6.60905
685     -6.7001
686    -6.64685
687    -6.53473
688    -6.54517
689    -6.55731
690    -6.64346
691    -6.72373
692    -6.65367
693    -6.68907
694    -6.67519
695    -6.75106
696    -6.73659
697    -6.72934
698    -6.70964
699    -6.67743
700    -6.74516
701    -6.75415
702    -6.71878
703    -6.68584
704     -6.6704
705     -6.7541
706    -6.75475
707    -6.69733
708    -6.70762
709    -6.74455
710    -6.72343
711    -6.75459
712    -6.82086
713    -6.79182
714    -6.75198
715    -6.60712
716    -6.63632
717     -6.6753
718    -6.61589
719    -6.62515
720    -6.59543
721    -6.67074
722    -6.70982
723    -6.73983
724     -6.7587
725    -6.84222
726    -6.83302
727    -6.81388
728    -6.84403
729    -6.82154
730    -6.78359
731    -6.81531
732    -6.71744
733    -6.68433
734    -6.73948
735    -6.68179
736    -6.58434
737    -6.59303
738    -6.56772
739    -6.58971
740    -6.61527
741     -6.5877
742    -6.60844
743    -6.66431
744    -6.60018
745    -6.63434
746    -6.68318
747    -6.62258
748    -6.60539
749    -6.63887
750    -6.64675
751    -6.65848
752    -6.69864
753     -6.7034
754    -6.67357
755    -6.66217
756     -6.5646
757    -6.64092
758     -6.6564
759    -6.63235
760    -6.62476
761    -6.65845
762    -6.69782
763     -6.6972
764    -6.65974
765    -6.69854
766    -6.62867
767    -6.68286
768    -6.79051
769     -6.7727
770     -6.7393
771    -6.66514
772    -6.65489
773    -6.77022
774    -6.75078
775    -6.82992
776    -6.81056
777    -6.75823
778    -6.78945
779    -6.76979
780     -6.7606
781    -6.79502
782    -6.70796
783    -6.75382
784    -6.68182
785    -6.70005
786    -6.63214
787    -6.63425
788    -6.68017
789    -6.75202
790    -6.72261
791    -6.73025
792      -6.711
793    -6.63194
794    -6.68617
795    -6.73264
796    -6.72834
797    -6.76855
798    -6.75642
799    -6.69509
800    -6.64651
801    -6.62658
802    -6.66687
803     -6.6483
804    -6.73937
805    -6.70003
806    -6.74256
807    -6.65802
808    -6.62114
809    -6.62167
810     -6.6269
811    -6.68367
812    -6.68799
813    -6.72815
814    -6.75526
815    -6.73453
816    -6.73106
817    -6.76358
818    -6.75346
819    -6.72392
820    -6.75933
821    -6.71729
822    -6.68719
823     -6.6319
824    -6.66702
825    -6.70984
826    -6.69113
827    -6.69657
828     -6.6806
829    -6.76528
830    -6.69919
831    -6.73537
832    -6.71417
833    -6.78274
834    -6.77454
835    -6.80724
836    -6.86918
837    -6.85553
838    -6.85759
839     -6.8463
840    -6.85647
841    -6.81051
842    -6.84066
843    -6.82428
844    -6.87065
845    -6.79374
846    -6.80936
847     -6.7173
848    -6.71769
849    -6.64045
850    -6.63945
851    -6.68658
852    -6.61502
853    -6.66383
854    -6.71423
855    -6.60399
856    -6.61413
857    -6.66227
858    -6.60898
859    -6.61303
860    -6.69009
861    -6.69054
862    -6.66514
863    -6.58645
864    -6.54894
865    -6.57844
866    -6.64073
867    -6.61935
868    -6.67588
869    -6.77276
870    -6.75002
871    -6.78598
872    -6.69622
873    -6.67712
874    -6.72529
875    -6.69094
876     -6.7617
877    -6.74119
878     -6.7562
879    -6.77825
880    -6.76457
881    -6.81193
882    -6.82591
883    -6.77937
884    -6.67974
885    -6.65772
886    -6.66036
887    -6.67463
888    -6.59862
889    -6.60465
890    -6.62868
891    -6.68506
892    -6.61874
893    -6.74578
894    -6.70493
895    -6.73118
896    -6.69068
897    -6.69155
898    -6.71303
899    -6.70737
900    -6.66331
901     -6.7482
902    -6.73943
903     -6.7301
904    -6.78361
905    -6.82613
906    -6.86749
907    -6.90847
908    -6.84587
909    -6.83691
910    -6.87439
911     -6.8324
912    -6.82314
913    -6.77352
914    -6.75235
915    -6.77986
916    -6.73821
917     -6.7852
918    -6.79569
919    -6.78449
920    -6.85103
921    -6.82674
922    -6.81859
923    -6.81807
924    -6.77983
925    -6.81195
926    -6.84655
927    -6.87009
928    -6.82471
929    -6.76316
930    -6.75532
931    -6.72968
932     -6.7757
933     -6.7661
934    -6.69249
935    -6.73331
936    -6.68985
937    -6.68142
938    -6.64623
939    -6.65193
940    -6.59859
941    -6.53423
942    -6.53157
943    -6.52268
944    -6.53005
945    -6.55568
946    -6.53131
947    -6.46641
948    -6.45767
949    -6.45716
950    -6.43481
951    -6.49233
952    -6.55694
953    -6.44881
954    -6.48255
955    -6.57308
956    -6.61123
957    -6.55474
958    -6.51101
959    -6.50789
960    -6.53413
961    -6.56091
962    -6.53575
963    -6.54422
964    -6.51294
965    -6.42366
966    -6.44454
967    -6.50725
968    -6.55585
969     -6.5619
970    -6.59432
971    -6.55106
972     -6.5286
973    -6.48891
974    -6.49443
975    -6.50244
976    -6.52711
977    -6.50419
978    -6.45897
979    -6.49603
980    -6.58712
981    -6.49658
982    -6.44907
983     -6.4721
984    -6.38563
985    -6.46186
986    -6.51919
987    -6.53705
988    -6.61425
989    -6.55618
990    -6.58248
991     -6.5715
992    -6.59289
993    -6.60368
994    -6.65756
995    -6.63841
996     -6.7089
997      -6.703
998    -6.68011
999     -6.6961
1000    -6.70781
1001    -6.69678
1002    -6.68513
1003    -6.64675
1004    -6.65879
1005    -6.62613
1006    -6.59454
1007    -6.61033
1008    -6.62973
1009    -6.59168
1010    -6.65224
1011    -6.64934
1012    -6.67145
1013    -6.69336
1014    -6.65253
1015    -6.70393
1016    -6.67568
1017     -6.7373
1018    -6.73184
1019    -6.68442
1020     -6.6543
1021    -6.61913
1022    -6.63014
1023    -6.64665
1024    -6.52069
1025    -6.58878
1026    -6.60078
1027    -6.56306
1028    -6.57524
1029     -6.7129
1030    -6.68795
1031    -6.73233
1032    -6.68604
1033    -6.69281
1034    -6.62223
1035     -6.6117
1036    -6.67269
1037    -6.65037
1038    -6.65886
1039    -6.73832
1040    -6.74974
1041    -6.71924
1042    -6.71649
1043    -6.67566
1044    -6.70655
1045    -6.72434
1046    -6.74335
1047     -6.7346
1048    -6.72488
1049    -6.62841
1050    -6.59578
1051    -6.59268
1052    -6.61606
1053    -6.69105
1054    -6.66598
1055     -6.6242
1056     -6.6228
1057    -6.59137
1058    -6.49202
1059    -6.52508
1060    -6.49538
1061     -6.4724
1062    -6.44712
1063    -6.55085
1064    -6.61109
1065    -6.59947
1066    -6.63031
1067    -6.52475
1068    -6.50426
1069     -6.5911
1070     -6.6136
1071    -6.52647
1072     -6.5435
1073    -6.63322
1074    -6.59489
1075    -6.59242
1076    -6.56959
1077    -6.61006
1078    -6.61593
1079    -6.59059
1080    -6.58736
1081     -6.5744
1082    -6.58732
1083    -6.56103
1084    -6.58279
1085    -6.63977
1086    -6.60773
1087    -6.60336
1088    -6.51189
1089    -6.55925
1090    -6.65209
1091    -6.62627
1092    -6.60441
1093    -6.64651
1094    -6.64111
1095    -6.65358
1096    -6.62477
1097    -6.55746
1098    -6.46912
1099    -6.56583
1100    -6.58431
1101    -6.63709
1102    -6.58526
1103    -6.52002
1104     -6.5165
1105     -6.5755
1106    -6.57302
1107    -6.58345
1108    -6.57174
1109    -6.62645
1110    -6.66315
1111    -6.72003
1112    -6.75934
1113    -6.77411
1114    -6.74285
1115     -6.6939
1116    -6.65248
1117     -6.6837
1118    -6.66935
1119    -6.61062
1120     -6.6238
1121    -6.62018
1122    -6.70881
1123    -6.71888
1124    -6.69163
1125    -6.76155
1126    -6.64207
1127    -6.69072
1128    -6.63245
1129    -6.61899
1130    -6.65176
1131    -6.62634
1132    -6.57417
1133    -6.56272
1134    -6.48264
1135    -6.51396
1136    -6.60074
1137    -6.55958
1138    -6.61616
1139    -6.58475
1140    -6.50469
1141     -6.5435
1142    -6.57508
1143    -6.47196
1144    -6.54332
1145     -6.5264
1146    -6.54406
1147    -6.52453
1148    -6.55636
1149    -6.58488
1150    -6.64808
1151    -6.70755
1152    -6.77673
1153    -6.72512
1154    -6.70623
1155    -6.65887
1156    -6.61172
1157    -6.64725
1158    -6.68268
1159    -6.71144
1160    -6.66696
1161    -6.60772
1162    -6.65951
1163     -6.6695
1164    -6.58585
1165    -6.58038
1166     -6.5945
1167     -6.6113
1168     -6.4927
1169    -6.55735
1170    -6.49403
1171     -6.4224
1172    -6.45958
1173    -6.48916
1174    -6.49617
1175    -6.54564
1176    -6.61664
1177    -6.71801
1178    -6.68535
1179    -6.71767
1180    -6.71393
1181    -6.75274
1182    -6.74963
1183    -6.73818
1184    -6.72698
1185    -6.70484
1186    -6.61176
1187    -6.57883
1188    -6.56112
1189    -6.57894
1190    -6.57679
1191    -6.57657
1192    -6.65806
1193    -6.67645
1194    -6.59276
1195    -6.60419
1196    -6.62427
1197    -6.60186
1198    -6.70029
1199    -6.66294
1200    -6.72513
1201    -6.73485
1202      -6.598
1203    -6.60044
1204    -6.57106
1205    -6.62569
1206    -6.61352
1207    -6.57934
1208    -6.55452
1209    -6.52579
1210    -6.59118
1211    -6.56975
1212    -6.52029
1213    -6.64254
1214     -6.6742
1215     -6.6895
1216    -6.67989
1217    -6.60245
1218    -6.64337
1219    -6.62511
1220    -6.61923
1221    -6.67172
1222    -6.68601
1223    -6.68115
1224    -6.67678
1225    -6.61922
1226      -6.643
1227    -6.67464
1228    -6.72157
1229    -6.69176
1230    -6.70651
1231    -6.70022
1232    -6.63276
1233    -6.64052
1234    -6.65517
1235    -6.67089
1236    -6.62527
1237    -6.67113
1238    -6.62375
1239     -6.6629
1240    -6.64819
1241    -6.62864
1242    -6.63811
1243    -6.60707
1244     -6.7041
1245    -6.61087
1246    -6.60374
1247    -6.68289
1248    -6.77558
1249    -6.75584
1250    -6.66698
1251    -6.63685
1252    -6.70375
1253    -6.72586
1254    -6.80225
1255    -6.73727
1256    -6.74328
1257    -6.68312
1258    -6.72817
1259    -6.75138
1260    -6.80086
1261    -6.77515
1262    -6.76579
1263    -6.73224
1264    -6.76917
1265    -6.67949
1266    -6.73477
1267    -6.72578
1268    -6.68236
1269     -6.6943
1270    -6.69537
1271    -6.74128
1272    -6.77104
1273    -6.75153
1274    -6.71257
1275    -6.71135
1276    -6.73371
1277    -6.77986
1278    -6.82435
1279    -6.73835
1280    -6.71345
1281    -6.73498
1282      -6.773
1283    -6.76917
1284    -6.84595
1285    -6.93126
1286    -6.86071
1287    -6.81623
1288    -6.78304
1289    -6.79107
1290    -6.80485
1291    -6.78699
1292    -6.70451
1293    -6.69386
1294    -6.71803
1295    -6.69515
1296    -6.73291
1297    -6.67881
1298    -6.63983
1299    -6.68553
1300    -6.74604
1301    -6.70869
1302    -6.64001
1303    -6.57286
1304    -6.59606
1305    -6.61621
1306    -6.67652
1307    -6.70223
1308    -6.69831
1309    -6.63027
1310    -6.58411
1311    -6.58566
1312    -6.54222
1313    -6.52376
1314     -6.5554
1315    -6.59363
1316    -6.62222
1317    -6.63148
1318     -6.6724
1319    -6.59573
1320    -6.65135
1321    -6.74785
1322    -6.72094
1323    -6.72995
1324    -6.70607
1325    -6.71494
1326    -6.69634
1327    -6.60583
1328    -6.66541
1329    -6.61002
1330    -6.58706
1331    -6.63372
1332    -6.66017
1333    -6.65665
1334    -6.69025
1335    -6.71243
1336    -6.71209
1337    -6.68766
1338    -6.72766
1339    -6.81045
1340    -6.78947
1341    -6.81182
1342    -6.81397
1343    -6.73226
1344    -6.70156
1345    -6.72482
1346    -6.75325
1347    -6.75584
1348    -6.73602
1349    -6.68509
1350    -6.70711
1351    -6.68759
1352    -6.70886
1353    -6.64579
1354    -6.66164
1355    -6.76755
1356     -6.7936
1357    -6.69009
1358    -6.68848
1359    -6.68257
1360    -6.59033
1361    -6.70175
1362    -6.68231
1363    -6.63802
1364    -6.66667
1365    -6.62567
1366    -6.63219
1367    -6.72209
1368    -6.72046
1369    -6.81969
1370    -6.83798
1371    -6.77218
1372    -6.67738
1373    -6.67045
1374    -6.71314
1375    -6.72036
1376    -6.64224
1377     -6.6214
1378    -6.64994
1379    -6.71967
1380    -6.69818
1381    -6.75054
1382     -6.7517
1383    -6.68828
1384    -6.71246
1385    -6.70748
1386    -6.64591
1387    -6.66193
1388    -6.71756
1389    -6.68228
1390    -6.66177
1391     -6.6738
1392     -6.6643
1393    -6.73904
1394    -6.72771
1395    -6.69778
1396    -6.64514
1397    -6.70817
1398    -6.77068
1399    -6.84895
1400    -6.93767
1401    -6.88602
1402    -6.74689
1403    -6.65632
1404    -6.74506
1405    -6.71586
1406    -6.69676
1407    -6.62386
1408    -6.61118
1409    -6.69047
1410    -6.64821
1411    -6.63043
1412    -6.67483
1413    -6.57918
1414    -6.56239
1415    -6.65451
1416    -6.72872
1417    -6.72383
1418    -6.71008
1419    -6.69438
1420    -6.64996
1421    -6.66098
1422    -6.72423
1423    -6.63527
1424    -6.59529
1425    -6.61865
1426    -6.64539
1427    -6.67849
1428    -6.65936
1429    -6.67579
1430    -6.70425
1431    -6.71083
1432    -6.69875
1433    -6.68914
1434    -6.64906
1435     -6.5699
1436    -6.60376
1437    -6.57206
1438    -6.58279
1439    -6.58508
1440    -6.54781
1441    -6.64709
1442    -6.68544
1443    -6.71974
1444     -6.6867
1445    -6.70973
1446    -6.68503
1447    -6.62253
1448    -6.61663
1449    -6.60447
1450    -6.62968
1451    -6.57916
1452    -6.54018
1453    -6.51744
1454    -6.54399
1455    -6.55375
1456    -6.52536
1457    -6.65011
1458    -6.62494
1459    -6.60774
1460    -6.64027
1461    -6.67339
1462    -6.67031
1463    -6.70439
1464    -6.68465
1465    -6.66511
1466    -6.67641
1467    -6.66971
1468    -6.65293
1469    -6.61441
1470    -6.70465
1471    -6.66144
1472    -6.67108
1473    -6.66316
1474    -6.68646
1475     -6.6717
1476    -6.66555
1477    -6.59142
1478    -6.65023
1479    -6.70337
1480    -6.69868
1481    -6.69876
1482    -6.63444
1483    -6.70472
1484    -6.75213
1485     -6.7366
1486    -6.76159
1487    -6.68832
1488    -6.70078
1489    -6.73988
1490    -6.77558
1491     -6.8036
1492    -6.71299
1493    -6.72407
1494    -6.79236
1495    -6.74359
1496    -6.81786
1497    -6.78775
1498    -6.86879
1499    -6.76533
1500    -6.80031
1501    -6.64944
1502    -6.57559
1503    -6.51787
1504    -6.51393
1505    -6.51309
1506    -6.55528
1507    -6.59368
1508    -6.57564
1509    -6.57899
1510     -6.6161
1511    -6.64153
1512    -6.62101
1513    -6.59405
1514    -6.57186
1515    -6.59845
1516    -6.62847
1517    -6.52384
1518    -6.52149
1519     -6.6052
1520    -6.62231
1521    -6.58818
1522    -6.59453
1523    -6.53495
1524    -6.58463
1525    -6.58255
1526     -6.6063
1527    -6.57982
1528    -6.58014
1529    -6.60383
1530    -6.66131
1531    -6.68834
1532    -6.66012
1533    -6.68309
1534    -6.68593
1535    -6.76448
1536    -6.73308
1537    -6.80875
1538    -6.81555
1539     -6.7742
1540    -6.84136
1541    -6.75089
1542    -6.64798
1543    -6.72021
1544    -6.69188
1545    -6.69524
1546    -6.63713
1547    -6.55841
1548    -6.61029
1549    -6.64428
1550    -6.60592
1551    -6.56637
1552     -6.6256
1553    -6.61074
1554    -6.50967
1555     -6.5042
1556    -6.47313
1557    -6.48812
1558    -6.52875
1559    -6.52264
1560    -6.53171
1561    -6.51233
1562    -6.54567
1563    -6.57586
1564    -6.62072
1565    -6.62237
1566    -6.73087
1567    -6.76101
1568    -6.74754
1569    -6.75647
1570    -6.71538
1571    -6.68427
1572    -6.68855
1573    -6.68523
1574    -6.76797
1575    -6.78633
1576     -6.8414
1577    -6.74912
1578    -6.75671
1579    -6.77795
1580    -6.72828
1581    -6.68287
1582    -6.59672
1583    -6.59103
1584    -6.66747
1585    -6.71044
1586    -6.69974
1587    -6.64682
1588    -6.65031
1589    -6.62806
1590    -6.61114
1591    -6.62721
1592    -6.65459
1593    -6.69255
1594    -6.61908
1595    -6.63048
1596    -6.65579
1597    -6.67384
1598    -6.67567
1599    -6.73562
1600    -6.74282
1601    -6.79165
1602    -6.79226
1603     -6.8193
1604    -6.80894
1605    -6.81022
1606    -6.80274
1607    -6.84265
1608    -6.80838
1609    -6.86759
1610    -6.89637
1611    -6.90259
1612    -6.87317
1613    -6.83084
1614    -6.74644
1615    -6.70921
1616    -6.71338
1617    -6.73936
1618    -6.65288
1619    -6.62322
1620    -6.64216
1621    -6.64593
1622    -6.67248
1623    -6.67903
1624    -6.74152
1625    -6.69534
1626    -6.69969
1627    -6.74561
1628    -6.71715
1629    -6.78045
1630    -6.75967
1631    -6.80132
1632    -6.74516
1633    -6.78767
1634    -6.70274
1635    -6.70999
1636    -6.66993
1637    -6.65958
1638    -6.60869
1639    -6.65688
1640    -6.68517
1641    -6.59172
1642    -6.63039
1643    -6.69153
1644    -6.68313
1645    -6.67991
1646    -6.63602
1647    -6.62554
1648    -6.60961
1649    -6.65497
1650    -6.68223
1651    -6.72457
1652    -6.71319
1653    -6.70854
1654    -6.69999
1655    -6.75259
1656    -6.68791
1657    -6.65197
1658    -6.64101
1659    -6.55535
1660    -6.55505
1661    -6.51785
1662    -6.61715
1663     -6.6368
1664    -6.58539
1665    -6.63417
1666    -6.63627
1667    -6.64571
1668    -6.68838
1669    -6.65601
1670    -6.61287
1671    -6.67284
1672    -6.72498
1673    -6.77521
1674    -6.75536
1675    -6.76923
1676    -6.72075
1677    -6.76768
1678     -6.8231
1679    -6.77202
1680    -6.78255
1681    -6.85977
1682    -6.81125
1683    -6.80893
1684    -6.88176
1685    -6.88379
1686     -6.8534
1687    -6.79534
1688    -6.70786
1689    -6.72834
1690    -6.70941
1691       -6.66
1692    -6.65051
1693    -6.63797
1694    -6.59348
1695    -6.58631
1696    -6.68071
1697    -6.65485
1698    -6.69886
1699    -6.68051
1700    -6.66395
1701    -6.61088
1702     -6.6471
1703    -6.63585
1704    -6.64647
1705      -6.596
1706    -6.62871
1707    -6.66137
1708    -6.67092
1709    -6.63444
1710    -6.67672
1711    -6.67538
1712    -6.70237
1713    -6.65221
1714    -6.63528
1715    -6.70077
1716    -6.67816
1717    -6.75032
1718    -6.67296
1719    -6.67383
1720     -6.7195
1721     -6.7236
1722    -6.68744
1723    -6.72827
1724    -6.68812
1725    -6.74581
1726    -6.72235
1727    -6.66257
1728     -6.6366
1729     -6.6361
1730    -6.70948
1731    -6.64826
1732    -6.74786
1733    -6.78216
1734    -6.83248
1735     -6.8672
1736    -6.82888
1737    -6.79683
1738    -6.77104
1739    -6.81402
1740     -6.8019
1741    -6.80852
1742    -6.78336
1743    -6.73813
1744     -6.7324
1745    -6.76192
1746    -6.76598
1747    -6.85322
1748    -6.79945
1749    -6.80007
1750    -6.71582
1751    -6.74631
1752    -6.72521
1753    -6.67325
1754    -6.69891
1755    -6.76615
1756    -6.77222
1757    -6.86746
1758    -6.86133
1759    -6.81741
1760    -6.87966
1761    -6.86567
1762    -6.77382
1763    -6.75751
1764    -6.73091
1765    -6.67567
1766    -6.61554
1767    -6.60974
1768    -6.62699
1769      -6.619
1770    -6.70388
1771    -6.71932
1772    -6.66301
1773    -6.72075
1774    -6.71102
1775    -6.61018
1776    -6.65626
1777    -6.65922
1778    -6.64762
1779    -6.66089
1780    -6.63086
1781    -6.66261
1782    -6.64711
1783    -6.58755
1784    -6.66166
1785    -6.59279
1786    -6.62034
1787     -6.6691
1788    -6.64972
1789    -6.66232
1790    -6.75022
1791    -6.69628
1792    -6.70573
1793    -6.71057
1794    -6.70195
1795    -6.68361
1796    -6.67814
1797     -6.6915
1798    -6.72786
1799    -6.71704
1800    -6.73644
1801    -6.74405
1802    -6.69076
1803    -6.69235
1804    -6.66043
1805      -6.712
1806    -6.68318
1807     -6.6428
1808     -6.7117
1809    -6.68617
1810    -6.66822
1811    -6.65647
1812    -6.66102
1813     -6.6326
1814    -6.60324
1815    -6.61354
1816    -6.62155
1817    -6.62148
1818    -6.70087
1819    -6.68069
1820    -6.69569
1821     -6.7579
1822    -6.70034
1823    -6.70243
1824     -6.7434
1825    -6.81826
1826    -6.81505
1827    -6.76959
1828    -6.76658
1829    -6.80779
1830     -6.7515
1831    -6.78399
1832    -6.80544
1833    -6.75629
1834    -6.74987
1835     -6.8134
1836    -6.85917
1837    -6.85627
1838    -6.87489
1839    -6.86274
1840    -6.81848
1841    -6.76341
1842    -6.79508
1843    -6.77638
1844    -6.79612
1845     -6.8223
1846    -6.76595
1847    -6.74176
1848    -6.69238
1849    -6.61179
1850    -6.76397
1851    -6.69928
1852    -6.73889
1853    -6.71122
1854    -6.61218
1855     -6.6583
1856     -6.6714
1857    -6.64534
1858    -6.71272
1859    -6.72935
1860    -6.81928
1861    -6.79286
1862    -6.78308
1863     -6.8068
1864    -6.81438
1865    -6.71205
1866      -6.719
1867    -6.67746
1868    -6.65675
1869    -6.68759
1870    -6.68071
1871    -6.66171
1872    -6.63356
1873    -6.56313
1874    -6.58021
1875    -6.52799
1876    -6.53694
1877    -6.50805
1878    -6.53518
1879    -6.65961
1880    -6.70673
1881    -6.71183
1882    -6.73596
1883    -6.66332
1884    -6.69144
1885    -6.73812
1886    -6.73758
1887    -6.74174
1888    -6.71775
1889    -6.62722
1890    -6.57567
1891    -6.62228
1892    -6.66466
1893    -6.64211
1894    -6.60338
1895    -6.52327
1896    -6.56584
1897    -6.57512
1898    -6.56836
1899    -6.52463
1900    -6.49125
1901    -6.39535
1902    -6.45835
1903    -6.43028
1904    -6.44418
1905    -6.57835
1906    -6.55586
1907    -6.59834
1908    -6.58738
1909    -6.61054
1910    -6.61863
1911    -6.50802
1912    -6.65485
1913    -6.71381
1914    -6.67313
1915    -6.70438
1916    -6.62699
1917    -6.57896
1918    -6.59645
1919    -6.62037
1920    -6.61761
1921    -6.69487
1922    -6.68338
1923    -6.68331
1924    -6.69301
1925    -6.72783
1926    -6.69936
1927    -6.72597
1928     -6.6925
1929     -6.5913
1930    -6.55365
1931    -6.54158
1932    -6.51376
1933    -6.55056
1934    -6.50494
1935    -6.51021
1936    -6.44702
1937    -6.53019
1938    -6.51189
1939     -6.5776
1940    -6.65857
1941    -6.65255
1942     -6.6419
1943    -6.64124
1944    -6.65813
1945    -6.59842
1946    -6.56348
1947    -6.58202
1948    -6.66227
1949    -6.70629
1950    -6.63901
1951    -6.60998
1952    -6.60045
1953    -6.58069
1954    -6.58684
1955    -6.61838
1956    -6.75199
1957     -6.7762
1958    -6.77879
1959    -6.79352
1960    -6.76289
1961    -6.77196
1962    -6.81898
1963    -6.80081
1964    -6.80048
1965    -6.75242
1966    -6.76966
1967    -6.70088
1968    -6.71267
1969    -6.76831
1970     -6.7256
1971    -6.78465
1972    -6.79636
1973    -6.79502
1974    -6.87781
1975    -6.78326
1976    -6.73161
1977    -6.67995
1978    -6.67834
1979    -6.71174
1980    -6.74375
1981     -6.7327
1982    -6.70275
1983    -6.69579
1984    -6.71041
1985    -6.68529
1986    -6.70682
1987    -6.66718
1988    -6.72134
1989    -6.71812
1990    -6.72519
1991    -6.62771
1992     -6.7518
1993    -6.81146
1994    -6.79761
1995    -6.77721
1996    -6.79651
1997    -6.79512
1998    -6.77039
1999    -6.77892
2000    -6.77728
2001    -6.81772
2002    -6.84709
2003    -6.89621
2004    -6.84089
2005    -6.79221
2006    -6.81153
2007    -6.71804
2008    -6.68404
2009    -6.75869
2010    -6.75586
2011    -6.81186
2012    -6.79955
2013    -6.80598
2014    -6.78362
2015    -6.75923
2016    -6.74939
2017    -6.70085
2018    -6.73098
2019    -6.69342
2020    -6.68611
2021    -6.68553
2022    -6.68833
2023    -6.69247
2024    -6.71193
2025    -6.68902
2026    -6.72865
2027    -6.67544
2028    -6.73573
2029    -6.77781
2030    -6.72774
2031    -6.74584
2032    -6.73319
2033    -6.67677
2034    -6.71485
2035    -6.72321
2036    -6.74661
2037    -6.77142
2038    -6.79998
2039    -6.78846
2040    -6.77878
2041    -6.83109
2042    -6.70827
2043    -6.76824
2044    -6.72643
2045    -6.67137
2046    -6.70728
2047    -6.73299
2048    -6.73228
2049    -6.75117
2050    -6.74476
2051    -6.74182
2052    -6.73682
2053    -6.75772
2054    -6.73988
2055       -6.74
2056    -6.67853
2057     -6.6728
2058    -6.70145
2059    -6.76615
2060    -6.74364
2061    -6.79334
2062    -6.77234
2063    -6.72823
2064    -6.76671
2065    -6.68191
2066    -6.71419
2067    -6.63279
2068     -6.6525
2069    -6.53379
2070    -6.61438
2071    -6.64662
2072    -6.63862
2073    -6.67187
2074    -6.66309
2075    -6.59612
2076    -6.59131
2077    -6.53033
2078    -6.57036
2079    -6.49222
2080    -6.52721
2081    -6.58333
2082    -6.66067
2083    -6.61261
2084    -6.64308
2085    -6.63176
2086    -6.59409
2087    -6.56427
2088     -6.5989
2089    -6.54188
2090    -6.49745
2091    -6.49245
2092    -6.57966
2093    -6.61606
2094    -6.65384
2095    -6.66187
2096    -6.67901
2097    -6.78176
2098    -6.76568
2099    -6.80891
2100     -6.7932
2101    -6.76937
2102    -6.75813
2103    -6.80231
2104    -6.86528
2105    -6.80692
2106    -6.76902
2107    -6.76886
2108    -6.73034
2109    -6.72692
2110    -6.75299
2111    -6.71637
2112    -6.75451
2113    -6.79116
2114    -6.66793
2115     -6.6169
2116    -6.64121
2117    -6.62732
2118    -6.63744
2119     -6.5476
2120    -6.53701
2121    -6.66482
2122    -6.68893
2123    -6.72801
2124    -6.72488
2125    -6.75366
2126     -6.6507
2127    -6.68647
2128    -6.63243
2129    -6.61319
2130    -6.56247
2131    -6.56797
2132    -6.61381
2133    -6.63832
2134    -6.68347
2135    -6.65122
2136    -6.71303
2137    -6.79609
2138    -6.75986
2139    -6.73382
2140    -6.73148
2141    -6.76219
2142     -6.7601
2143    -6.65907
2144    -6.77116
2145    -6.75368
2146    -6.82482
2147    -6.82503
2148    -6.73763
2149    -6.74206
2150    -6.66058
2151     -6.6265
2152     -6.5196
2153    -6.58292
2154    -6.58982
2155    -6.57128
2156     -6.4965
2157    -6.51416
2158    -6.50443
2159    -6.59951
2160    -6.60271
2161    -6.60274
2162    -6.59084
2163    -6.66932
2164    -6.61146
2165    -6.63608
2166    -6.57752
2167    -6.49312
2168    -6.50671
2169     -6.5482
2170    -6.55605
2171    -6.64084
2172    -6.72418
2173    -6.67671
2174    -6.68534
2175    -6.66215
2176    -6.64156
2177    -6.60601
2178    -6.62166
2179     -6.7018
2180     -6.7814
2181    -6.81811
2182    -6.77477
2183    -6.70941
2184    -6.69139
2185    -6.66986
2186     -6.7568
2187    -6.78622
2188    -6.74946
2189    -6.75682
2190     -6.6572
2191    -6.64308
2192    -6.65682
2193    -6.68774
2194    -6.74229
2195    -6.69429
2196     -6.7859
2197    -6.84579
2198    -6.83767
2199    -6.82264
2200    -6.80375
2201    -6.80294
2202    -6.78098
2203    -6.78568
2204    -6.82151
2205    -6.75404
2206    -6.75762
2207    -6.80756
2208    -6.79163
2209    -6.76928
2210    -6.77428
2211    -6.78865
2212    -6.74361
2213    -6.55925
2214    -6.59133
2215    -6.57469
2216    -6.56455
2217     -6.5696
2218    -6.47715
2219    -6.52537
2220    -6.58827
2221    -6.65453
2222    -6.68825
2223    -6.73994
2224     -6.7429
2225    -6.69795
2226    -6.72283
2227     -6.6408
2228    -6.65372
2229    -6.63402
2230    -6.68633
2231    -6.65286
2232    -6.63186
2233    -6.62695
2234    -6.57602
2235    -6.63093
2236    -6.59406
2237    -6.58121
2238    -6.61739
2239    -6.67982
2240    -6.67272
2241    -6.61527
2242    -6.61947
2243     -6.6548
2244    -6.62744
2245    -6.75578
2246    -6.76292
2247    -6.74925
2248    -6.70813
2249    -6.75261
2250    -6.73331
2251    -6.70848
2252    -6.73728
2253    -6.72101
2254    -6.70437
2255    -6.66509
2256    -6.57482
2257    -6.61341
2258    -6.53605
2259    -6.58069
2260    -6.63102
2261    -6.61971
2262    -6.67107
2263    -6.62618
2264    -6.65092
2265    -6.63617
2266    -6.61844
2267    -6.66072
2268    -6.71326
2269    -6.68538
2270    -6.69907
2271    -6.76129
2272    -6.70139
2273    -6.67528
2274    -6.76193
2275    -6.73426
2276    -6.71023
2277    -6.77512
2278    -6.79578
2279     -6.7283
2280    -6.75529
2281    -6.78236
2282     -6.8098
2283    -6.85035
2284     -6.7757
2285    -6.74616
2286    -6.76721
2287    -6.72311
2288    -6.71459
2289    -6.69498
2290    -6.60072
2291    -6.68776
2292    -6.71313
2293    -6.74082
2294    -6.72532
2295    -6.78617
2296     -6.7952
2297    -6.75296
2298    -6.74044
2299    -6.62859
2300    -6.68284
2301    -6.75458
2302    -6.69751
2303    -6.73445
2304    -6.73339
2305    -6.72264
2306    -6.70712
2307    -6.74835
2308    -6.79451
2309    -6.78198
2310     -6.7473
2311    -6.69616
2312    -6.67721
2313    -6.63968
2314    -6.70576
2315    -6.67113
2316    -6.68957
2317    -6.63787
2318    -6.59857
2319    -6.53102
2320    -6.56196
2321    -6.59339
2322    -6.56295
2323    -6.70244
2324    -6.70281
2325    -6.65493
2326    -6.75194
2327    -6.62995
2328    -6.64008
2329    -6.63931
2330    -6.63308
2331    -6.68897
2332    -6.72976
2333    -6.71355
2334     -6.6362
2335    -6.61506
2336    -6.66726
2337    -6.65218
2338    -6.58072
2339    -6.60938
2340    -6.66804
2341    -6.63285
2342    -6.69971
2343    -6.76493
2344    -6.79294
2345    -6.72851
2346    -6.68568
2347    -6.66134
2348    -6.70875
2349    -6.66825
2350    -6.69177
2351    -6.71081
2352    -6.75011
2353    -6.76136
2354    -6.73214
2355    -6.65153
2356    -6.72477
2357    -6.68393
2358    -6.74783
2359    -6.74848
2360    -6.75151
2361    -6.74208
2362    -6.76317
2363    -6.69442
2364    -6.70802
2365    -6.59354
2366    -6.64865
2367    -6.69694
2368    -6.71216
2369    -6.70906
2370    -6.62583
2371    -6.60371
2372    -6.67957
2373    -6.69713
2374    -6.72215
2375    -6.73515
2376    -6.71717
2377    -6.74344
2378    -6.72795
2379    -6.73618
2380    -6.70296
2381    -6.72108
2382    -6.72137
2383    -6.76141
2384    -6.76489
2385    -6.69135
2386    -6.73552
2387    -6.66229
2388    -6.65783
2389    -6.66717
2390    -6.76625
2391    -6.73034
2392    -6.66204
2393    -6.62113
2394    -6.65396
2395    -6.72906
2396    -6.61487
2397    -6.66149
2398    -6.63919
2399    -6.73266
2400    -6.77272
2401    -6.74652
2402    -6.77603
2403    -6.69838
2404    -6.75226
2405    -6.80363
2406    -6.76971
2407    -6.77332
2408    -6.73804
2409    -6.74692
2410    -6.70831
2411    -6.75924
2412    -6.71538
2413    -6.76532
2414    -6.78224
2415    -6.80561
2416    -6.83784
2417    -6.77147
2418     -6.7193
2419    -6.66372
2420    -6.68261
2421     -6.7853
2422    -6.76706
2423    -6.69484
2424    -6.64686
2425    -6.69274
2426    -6.75371
2427    -6.73139
2428    -6.63422
2429    -6.67766
2430    -6.73239
2431    -6.75611
2432    -6.69864
2433    -6.70732
2434    -6.66262
2435    -6.64765
2436    -6.64572
2437    -6.73075
2438    -6.70755
2439    -6.71318
2440    -6.69603
2441    -6.79053
2442    -6.75619
2443    -6.76561
2444     -6.7078
2445    -6.73061
2446    -6.73954
2447    -6.79375
2448    -6.76755
2449    -6.76646
2450    -6.75706
2451    -6.69597
2452    -6.68337
2453    -6.69637
2454    -6.69287
2455    -6.65657
2456    -6.65004
2457    -6.71335
2458    -6.76981
2459    -6.73867
2460    -6.74303
2461    -6.80244
2462    -6.85099
2463    -6.79552
2464    -6.76125
2465    -6.83907
2466    -6.88018
2467    -6.85709
2468     -6.8381
2469    -6.75627
2470    -6.71411
2471     -6.6947
2472    -6.73292
2473     -6.7373
2474    -6.70146
2475    -6.70388
2476    -6.74025
2477    -6.71292
2478    -6.71608
2479    -6.73703
2480    -6.74384
2481    -6.72814
2482    -6.68417
2483     -6.7046
2484    -6.70247
2485    -6.73917
2486    -6.74478
2487     -6.7249
2488    -6.66162
2489    -6.63761
2490     -6.5511
2491    -6.53548
2492    -6.60892
2493    -6.55091
2494    -6.65697
2495    -6.64105
2496     -6.6802
2497    -6.59217
2498    -6.69462
2499    -6.67041
2500    -6.69703
2501    -6.70645
2502     -6.6654
2503    -6.65448
2504    -6.64019
2505    -6.58172
2506    -6.57018
2507    -6.56511
2508    -6.65075
2509    -6.63141
2510     -6.6895
2511     -6.6733
2512    -6.69167
2513    -6.65566
2514    -6.67745
2515    -6.74187
2516    -6.77612
2517    -6.74356
2518      -6.772
2519    -6.72348
2520    -6.73631
2521    -6.75476
2522     -6.8788
2523    -6.85018
2524     -6.7555
2525     -6.6761
2526    -6.70332
2527     -6.7143
2528    -6.70386
2529    -6.72989
2530     -6.7048
2531    -6.75825
2532    -6.74592
2533    -6.73976
2534    -6.74867
2535    -6.68999
2536    -6.75478
2537    -6.72265
2538    -6.74639
2539    -6.60995
2540    -6.60529
2541    -6.66099
2542    -6.64515
2543    -6.62463
2544    -6.60389
2545    -6.66322
2546    -6.69352
2547     -6.6745
2548    -6.67691
2549    -6.73229
2550    -6.70334
2551    -6.67418
2552    -6.68559
2553    -6.65509
2554    -6.71132
2555    -6.69488
2556    -6.71785
2557    -6.71299
2558    -6.66595
2559    -6.64515
2560    -6.60943
2561    -6.54095
2562    -6.53833
2563    -6.53551
2564     -6.6195
2565    -6.69912
2566    -6.67543
2567    -6.65295
2568    -6.63474
2569    -6.62142
2570    -6.66877
2571    -6.71529
2572    -6.73753
2573    -6.61973
2574    -6.62157
2575    -6.62191
2576    -6.68506
2577    -6.67541
2578    -6.68239
2579    -6.63845
2580    -6.61939
2581    -6.69573
2582    -6.59292
2583    -6.58198
2584    -6.53591
2585    -6.52573
2586     -6.5515
2587    -6.50848
2588    -6.55839
2589    -6.61173
2590    -6.63451
2591     -6.6285
2592    -6.65146
2593    -6.69227
2594    -6.68799
2595    -6.68677
2596    -6.62933
2597    -6.55914
2598     -6.5284
2599    -6.53997
2600    -6.51534
2601    -6.47883
2602    -6.51587
2603     -6.6013
2604    -6.62624
2605    -6.58847
2606    -6.64477
2607     -6.6516
2608    -6.69613
2609     -6.6841
2610    -6.71353
2611    -6.64955
2612    -6.69983
2613    -6.60865
2614    -6.58396
2615    -6.59212
2616     -6.6325
2617    -6.62162
2618    -6.58832
2619    -6.66292
2620    -6.68168
2621    -6.63725
2622    -6.65028
2623    -6.69121
2624    -6.68613
2625    -6.68717
2626    -6.66711
2627    -6.59578
2628    -6.62141
2629    -6.64751
2630    -6.59512
2631    -6.61774
2632    -6.62624
2633    -6.58306
2634    -6.58067
2635    -6.55302
2636    -6.63941
2637    -6.67976
2638    -6.69414
2639    -6.64989
2640    -6.65701
2641    -6.57683
2642    -6.57969
2643    -6.61531
2644    -6.58237
2645    -6.70445
2646    -6.63895
2647    -6.63309
2648    -6.64791
2649     -6.6288
2650    -6.67648
2651    -6.73541
2652    -6.71814
2653    -6.79893
2654    -6.81781
2655    -6.79997
2656    -6.83371
2657    -6.76821
2658    -6.78518
2659    -6.80185
2660     -6.8036
2661    -6.75765
2662    -6.67487
2663    -6.62005
2664    -6.70703
2665    -6.69976
2666    -6.75213
2667    -6.84137
2668    -6.87346
2669    -6.90578
2670    -6.94555
2671     -6.8896
2672    -6.85989
2673    -6.83527
2674    -6.81521
2675    -6.81882
2676     -6.8466
2677    -6.77587
2678    -6.72479
2679    -6.79526
2680     -6.7582
2681    -6.78098
2682    -6.79158
2683    -6.72584
2684    -6.70691
2685    -6.72098
2686    -6.76276
2687    -6.74378
2688    -6.68193
2689    -6.66854
2690    -6.60796
2691     -6.6375
2692    -6.63819
2693    -6.61361
2694    -6.64016
2695      -6.701
2696    -6.72171
2697    -6.77097
2698      -6.682
2699    -6.77128
2700    -6.83565
2701    -6.79281
2702     -6.7745
2703    -6.82376
2704    -6.74155
2705    -6.75826
2706    -6.69674
2707    -6.66709
2708    -6.58755
2709    -6.55056
2710    -6.50932
2711     -6.5641
2712    -6.60525
2713    -6.53956
2714    -6.50468
2715    -6.56492
2716    -6.58313
2717    -6.62899
2718    -6.67887
2719    -6.72897
2720    -6.74751
2721     -6.7403
2722    -6.70967
2723    -6.70614
2724    -6.64269
2725    -6.60753
2726    -6.70773
2727    -6.76356
2728    -6.75594
2729    -6.71914
2730    -6.80928
2731    -6.81433
2732    -6.85867
2733     -6.8399
2734    -6.86952
2735    -6.76245
2736    -6.73011
2737    -6.74703
2738    -6.78661
2739    -6.81105
2740    -6.73277
2741     -6.7663
2742    -6.74888
2743    -6.78955
2744    -6.73466
2745    -6.69477
2746    -6.73958
2747    -6.65102
2748    -6.66586
2749    -6.65139
2750    -6.67622
2751    -6.56994
2752    -6.61918
2753    -6.64205
2754    -6.62447
2755    -6.66538
2756    -6.55989
2757    -6.55659
2758    -6.59851
2759    -6.56021
2760    -6.49234
2761    -6.58102
2762    -6.60332
2763    -6.52719
2764    -6.58338
2765    -6.53625
2766    -6.57262
2767    -6.57031
2768    -6.54737
2769    -6.51088
2770    -6.54161
2771    -6.61379
2772    -6.62762
2773    -6.65647
2774    -6.77901
2775    -6.75145
2776    -6.73622
2777    -6.68179
2778    -6.68856
2779    -6.71449
2780    -6.67858
2781      -6.684
2782    -6.71505
2783    -6.70522
2784    -6.66366
2785    -6.64997
2786    -6.54213
2787    -6.53309
2788    -6.56095
2789    -6.58031
2790    -6.58511
2791     -6.5937
2792    -6.59396
2793    -6.61567
2794    -6.61508
2795    -6.65787
2796    -6.62959
2797    -6.60917
2798    -6.55887
2799    -6.63723
2800    -6.72073
2801    -6.75311
2802       -6.71
2803    -6.76796
2804    -6.77088
2805    -6.75793
2806    -6.71986
2807    -6.74031
2808    -6.72795
2809    -6.73863
2810    -6.64697
2811    -6.69325
2812    -6.70214
2813    -6.68083
2814    -6.65456
2815    -6.64884
2816    -6.64446
2817    -6.71646
2818    -6.70731
2819    -6.69535
2820    -6.73253
2821    -6.76534
2822    -6.74856
2823    -6.76209
2824     -6.6962
2825     -6.7123
2826    -6.73465
2827     -6.7153
2828    -6.66375
2829    -6.66873
2830    -6.72229
2831    -6.73782
2832    -6.65477
2833    -6.65523
2834    -6.64773
2835    -6.75061
2836    -6.65269
2837    -6.70231
2838    -6.68262
2839    -6.70085
2840    -6.74056
2841     -6.7712
2842    -6.74132
2843    -6.77417
2844    -6.78199
2845    -6.75373
2846    -6.76186
2847    -6.69492
2848    -6.74806
2849    -6.76393
2850     -6.7633
2851    -6.68345
2852    -6.58099
2853    -6.55512
2854    -6.54154
2855    -6.59754
2856     -6.6007
2857    -6.64446
2858    -6.60004
2859    -6.64938
2860    -6.69383
2861    -6.72437
2862    -6.72477
2863     -6.6541
2864    -6.69233
2865    -6.68098
2866    -6.71075
2867    -6.72512
2868    -6.75773
2869     -6.7664
2870     -6.7989
2871    -6.70671
2872    -6.80136
2873    -6.76026
2874    -6.75644
2875     -6.8536
2876    -6.78657
2877    -6.81906
2878    -6.78522
2879    -6.82378
2880     -6.8428
2881    -6.84593
2882    -6.89615
2883    -6.89711
2884    -6.91798
2885    -6.85677
2886    -6.81856
2887    -6.76966
2888    -6.77193
2889    -6.77531
2890     -6.7664
2891    -6.78527
2892    -6.77014
2893    -6.80505
2894    -6.71106
2895    -6.78049
2896    -6.76655
2897    -6.73664
2898    -6.69574
2899    -6.70068
2900    -6.74868
2901    -6.74949
2902    -6.65796
2903     -6.7166
2904    -6.70849
2905    -6.70114
2906    -6.62778
2907      -6.522
2908    -6.64051
2909     -6.6999
2910    -6.72723
2911    -6.74721
2912    -6.73723
2913    -6.78538
2914    -6.76547
2915    -6.79074
2916    -6.74417
2917    -6.75101
2918    -6.77413
2919    -6.80872
2920    -6.77148
2921    -6.78531
2922    -6.77467
2923    -6.75876
2924    -6.73123
2925    -6.74857
2926    -6.71863
2927    -6.69476
2928    -6.64883
2929    -6.68467
2930    -6.57446
2931    -6.54771
2932    -6.71056
2933    -6.72394
2934     -6.6956
2935    -6.70296
2936    -6.64866
2937    -6.58779
2938    -6.57182
2939    -6.61941
2940    -6.63507
2941    -6.62927
2942    -6.65788
2943    -6.65389
2944    -6.65698
2945    -6.61475
2946    -6.59736
2947    -6.61817
2948    -6.50577
2949    -6.52637
2950     -6.6146
2951    -6.63141
2952    -6.62469
2953    -6.67365
2954    -6.60827
2955    -6.64822
2956    -6.65783
2957    -6.73866
2958    -6.76543
2959    -6.77083
2960    -6.76248
2961     -6.7463
2962    -6.72414
2963    -6.74646
2964    -6.67872
2965    -6.74144
2966    -6.75848
2967    -6.74963
2968    -6.71297
2969    -6.69541
2970    -6.65994
2971    -6.68471
2972    -6.70424
2973    -6.67503
2974     -6.5544
2975    -6.54708
2976    -6.54839
2977    -6.64964
2978    -6.65707
2979    -6.68942
2980    -6.69674
2981    -6.63718
2982    -6.69038
2983    -6.64847
2984    -6.56425
2985    -6.55804
2986    -6.55504
2987     -6.4943
2988    -6.50492
2989    -6.53009
2990    -6.59221
2991    -6.57867
2992    -6.53276
2993    -6.60064
2994    -6.60934
2995     -6.6346
2996    -6.56906
2997    -6.58819
2998    -6.49527
2999    -6.65592
