0    -7.60655
1     -7.4709
2    -7.33957
3    -7.28462
4    -7.22393
5    -7.08751
6    -7.03055
7    -6.97497
8    -6.97501
9    -6.94005
10    -6.96372
11    -6.97056
12    -6.89012
13    -6.83426
14    -6.78851
15    -6.82927
16     -6.7845
17        -6.7
18    -6.69792
19    -6.69317
20    -6.69994
21    -6.67501
22    -6.72344
23    -6.76642
24    -6.75042
25    -6.60675
26    -6.70066
27    -6.68056
28    -6.65823
29    -6.62587
30    -6.66797
31    -6.69729
32    -6.68343
33    -6.72963
34    -6.76245
35    -6.73756
36    -6.58246
37    -6.56022
38    -6.54355
39    -6.47292
40     -6.3986
41    -6.42723
42    -6.55685
43    -6.48622
44    -6.44753
45    -6.38193
46    -6.48524
47    -6.62706
48    -6.67313
49    -6.69918
50    -6.70742
51    -6.67278
52    -6.70382
53    -6.72484
54    -6.67455
55    -6.62753
56    -6.60664
57    -6.66644
58    -6.70009
59    -6.65155
60     -6.6542
61    -6.62486
62    -6.61276
63    -6.63309
64    -6.65016
65    -6.61494
66    -6.62656
67    -6.59957
68    -6.59527
69    -6.61029
70    -6.51802
71    -6.47212
72    -6.54271
73     -6.5474
74    -6.47602
75    -6.47467
76    -6.49917
77    -6.53841
78    -6.51037
79    -6.48513
80    -6.50886
81    -6.50104
82    -6.55438
83    -6.59576
84    -6.59008
85    -6.72208
86    -6.73566
87    -6.74294
88    -6.65539
89    -6.67253
90    -6.64091
91    -6.61832
92     -6.6717
93    -6.62195
94      -6.583
95    -6.57338
96    -6.63356
97    -6.59039
98    -6.59069
99    -6.58128
100    -6.51264
101    -6.54165
102    -6.56732
103    -6.60485
104    -6.63866
105    -6.64873
106    -6.68814
107    -6.60502
108    -6.58278
109    -6.63257
110    -6.69803
111    -6.70863
112    -6.71801
113    -6.72649
114    -6.69132
115    -6.73729
116    -6.69852
117      -6.698
118    -6.69412
119    -6.66052
120    -6.69384
121    -6.63625
122    -6.74247
123    -6.76913
124    -6.69237
125    -6.72897
126    -6.75052
127    -6.73403
128    -6.66029
129    -6.67059
130    -6.63415
131    -6.67162
132    -6.64662
133    -6.63333
134    -6.53228
135    -6.65705
136    -6.67573
137    -6.74198
138    -6.67419
139     -6.6885
140    -6.68125
141    -6.70757
142    -6.69267
143    -6.65678
144    -6.64194
145    -6.66951
146    -6.63601
147     -6.7071
148    -6.63774
149    -6.60972
150    -6.53237
151    -6.52382
152    -6.48426
153     -6.5567
154    -6.56196
155    -6.61877
156    -6.63035
157    -6.68857
158    -6.65778
159    -6.62306
160    -6.64038
161    -6.59526
162    -6.61871
163    -6.63566
164     -6.6758
165    -6.68952
166    -6.66383
167    -6.67716
168    -6.72148
169    -6.71236
170    -6.67085
171    -6.65898
172    -6.60441
173    -6.47501
174    -6.56687
175    -6.63598
176    -6.71996
177    -6.68073
178    -6.72175
179    -6.72687
180     -6.7329
181    -6.64285
182    -6.63251
183    -6.65585
184    -6.61802
185    -6.59426
186    -6.61279
187    -6.54186
188    -6.63537
189    -6.66749
190    -6.56383
191    -6.73347
192    -6.71304
193    -6.62971
194    -6.62528
195    -6.62165
196     -6.6126
197    -6.62661
198    -6.72709
199    -6.72838
200    -6.74544
201    -6.71349
202     -6.5975
203    -6.63416
204    -6.61079
205    -6.63951
206    -6.64808
207    -6.65598
208    -6.62479
209     -6.5544
210    -6.56888
211    -6.65706
212    -6.70278
213    -6.72075
214     -6.7953
215    -6.79351
216    -6.76629
217    -6.75651
218    -6.79577
219    -6.68103
220    -6.72474
221    -6.71253
222    -6.78161
223     -6.6386
224    -6.59462
225    -6.61177
226    -6.58009
227    -6.48847
228    -6.55009
229    -6.66322
230    -6.72539
231    -6.70913
232      -6.744
233    -6.73844
234     -6.6987
235    -6.74755
236    -6.74659
237    -6.72751
238    -6.64164
239    -6.64326
240    -6.67891
241    -6.65386
242    -6.70946
243    -6.67165
244    -6.68761
245    -6.66291
246    -6.66634
247    -6.61302
248    -6.57223
249     -6.5306
250    -6.42202
251    -6.45485
252    -6.51374
253    -6.53643
254    -6.50181
255    -6.47605
256    -6.53127
257     -6.4842
258    -6.61933
259    -6.65194
260    -6.68237
261    -6.71527
262    -6.67174
263    -6.68901
264     -6.6963
265    -6.67228
266    -6.69811
267    -6.65723
268    -6.68111
269    -6.67993
270    -6.71248
271    -6.67871
272    -6.66532
273    -6.69304
274    -6.79311
275    -6.69884
276    -6.62733
277    -6.66996
278    -6.74451
279    -6.74876
280    -6.71936
281    -6.76943
282    -6.64879
283    -6.67901
284    -6.65583
285    -6.68884
286    -6.69766
287    -6.66269
288    -6.63727
289    -6.58896
290    -6.61779
291    -6.56563
292    -6.55779
293    -6.61161
294    -6.66089
295    -6.69308
296    -6.71018
297    -6.70657
298    -6.69341
299    -6.70488
300    -6.63815
301     -6.5909
302    -6.51528
303     -6.5978
304    -6.56011
305    -6.60591
306    -6.61419
307     -6.5968
308    -6.61705
309    -6.53793
310    -6.54327
311    -6.64144
312    -6.66858
313    -6.59704
314     -6.6105
315    -6.57056
316    -6.52342
317    -6.58656
318    -6.59342
319    -6.56938
320    -6.56842
321    -6.53511
322    -6.60093
323    -6.65996
324    -6.73211
325    -6.64806
326     -6.6746
327    -6.68847
328    -6.68649
329    -6.70187
330    -6.75095
331    -6.78946
332    -6.84595
333    -6.78228
334    -6.82517
335    -6.81911
336    -6.83295
337    -6.81906
338    -6.74695
339    -6.70415
340    -6.74895
341    -6.69731
342    -6.70604
343    -6.73566
344    -6.74531
345    -6.77277
346    -6.82621
347    -6.76079
348    -6.70994
349    -6.71278
350    -6.66564
351    -6.64674
352    -6.66385
353    -6.66838
354    -6.65335
355    -6.73176
356    -6.71252
357     -6.7068
358    -6.67834
359    -6.70763
360    -6.74327
361    -6.68815
362    -6.62826
363    -6.67338
364    -6.65334
365     -6.7216
366    -6.71955
367    -6.83274
368    -6.83838
369    -6.79963
370     -6.7176
371    -6.66881
372    -6.76516
373    -6.67975
374    -6.66533
375    -6.73857
376    -6.73794
377    -6.70097
378    -6.72742
379    -6.75102
380    -6.64318
381    -6.77483
382    -6.75564
383    -6.67973
384    -6.80028
385    -6.76358
386    -6.84253
387    -6.78073
388    -6.73537
389    -6.69209
390    -6.67015
391    -6.81117
392    -6.81939
393    -6.84479
394    -6.77619
395      -6.765
396    -6.75599
397    -6.78017
398    -6.78796
399    -6.78188
400    -6.84039
401    -6.86083
402    -6.78358
403    -6.75799
404    -6.71384
405    -6.70491
406    -6.68763
407    -6.71786
408     -6.7171
409    -6.69719
410    -6.66713
411    -6.70203
412     -6.7003
413    -6.74909
414    -6.73712
415    -6.76857
416    -6.76482
417    -6.81335
418    -6.80188
419     -6.7771
420    -6.76466
421    -6.77714
422    -6.78462
423    -6.71002
424    -6.63731
425    -6.72492
426     -6.7203
427     -6.7215
428    -6.76604
429    -6.77286
430    -6.77481
431    -6.74563
432     -6.6895
433    -6.61227
434    -6.54653
435    -6.56236
436    -6.58766
437    -6.54556
438    -6.59252
439    -6.59989
440    -6.57466
441    -6.44509
442    -6.48015
443     -6.5665
444    -6.59756
445    -6.57872
446    -6.65935
447    -6.64908
448    -6.65995
449    -6.66025
450    -6.68375
451    -6.65843
452    -6.66903
453     -6.7445
454    -6.70785
455    -6.66779
456    -6.63808
457    -6.66809
458    -6.66201
459    -6.66697
460    -6.66318
461    -6.71008
462    -6.66986
463    -6.69704
464    -6.66775
465    -6.64069
466    -6.62846
467    -6.71323
468    -6.79461
469    -6.77332
470    -6.71568
471    -6.75275
472    -6.76883
473    -6.78081
474       -6.61
475    -6.57653
476    -6.68334
477    -6.67166
478    -6.70494
479    -6.72496
480    -6.63082
481    -6.68353
482    -6.80193
483    -6.75986
484    -6.83639
485    -6.85605
486    -6.88287
487    -6.91401
488    -6.83519
489     -6.9193
490    -6.83759
491    -6.84213
492    -6.82176
493    -6.78237
494    -6.84385
495     -6.8376
496    -6.86513
497    -6.87926
498    -6.85735
499    -6.84125
500    -6.73789
501    -6.72628
502    -6.73481
503     -6.7136
504    -6.72021
505    -6.71555
506    -6.74737
507    -6.73239
508    -6.66786
509    -6.68044
510    -6.72756
511    -6.69333
512    -6.69217
513    -6.71307
514    -6.70745
515    -6.64975
516    -6.75213
517    -6.75194
518    -6.75132
519    -6.69112
520    -6.73002
521    -6.72579
522     -6.6956
523    -6.63131
524    -6.63685
525    -6.59671
526    -6.56023
527    -6.54739
528    -6.53632
529    -6.49454
530    -6.56067
531    -6.65275
532    -6.62589
533    -6.69023
534    -6.78204
535    -6.71252
536    -6.61944
537    -6.67209
538    -6.66638
539    -6.60302
540    -6.63093
541    -6.58499
542     -6.6246
543    -6.52729
544    -6.60667
545    -6.56706
546    -6.66434
547    -6.70348
548    -6.67087
549    -6.68735
550    -6.69299
551     -6.7104
552    -6.65222
553    -6.62769
554    -6.60551
555    -6.63577
556    -6.60642
557    -6.58846
558    -6.54267
559    -6.59472
560    -6.52481
561    -6.62161
562    -6.60699
563    -6.57207
564      -6.632
565    -6.73743
566     -6.7112
567    -6.61183
568    -6.58272
569     -6.5414
570    -6.65057
571    -6.68353
572     -6.6932
573     -6.6354
574    -6.66579
575    -6.73788
576    -6.77184
577    -6.70861
578    -6.68796
579    -6.69961
580    -6.74538
581    -6.73435
582    -6.82345
583    -6.79468
584     -6.7329
585    -6.72556
586    -6.85676
587    -6.81477
588    -6.81624
589    -6.81193
590    -6.71407
591    -6.74676
592    -6.77728
593    -6.83208
594    -6.80981
595    -6.74431
596    -6.75871
597    -6.77703
598    -6.75403
599    -6.86411
600     -6.7469
601    -6.75276
602    -6.75708
603    -6.74586
604    -6.70634
605    -6.62522
606    -6.57678
607    -6.63591
608    -6.64607
609    -6.69321
610    -6.75729
611    -6.81181
612    -6.79459
613    -6.72344
614    -6.73893
615     -6.6904
616    -6.72032
617    -6.72356
618    -6.76038
619    -6.75287
620    -6.78428
621    -6.80079
622    -6.75387
623    -6.76479
624    -6.74095
625    -6.69741
626    -6.69666
627    -6.68469
628    -6.69081
629    -6.73597
630    -6.68297
631    -6.64083
632     -6.6686
633    -6.63955
634    -6.67385
635    -6.61872
636    -6.60167
637    -6.52969
638    -6.58408
639    -6.53791
640    -6.61059
641    -6.62024
642    -6.64461
643    -6.55408
644    -6.66686
645    -6.65196
646    -6.76453
647    -6.79681
648    -6.72525
649    -6.67119
650    -6.58834
651    -6.60434
652    -6.57561
653    -6.56145
654     -6.6132
655    -6.60359
656    -6.59028
657    -6.56421
658    -6.54997
659    -6.53224
660    -6.48299
661    -6.53149
662     -6.5917
663    -6.66926
664    -6.70085
665    -6.74053
666    -6.71792
667    -6.59809
668    -6.62587
669    -6.79852
670    -6.83823
671    -6.85309
672    -6.79071
673    -6.77114
674    -6.74792
675    -6.77476
676    -6.72424
677     -6.7589
678    -6.80025
679    -6.80296
680    -6.87224
681    -6.78805
682    -6.85228
683    -6.88066
684    -6.87506
685    -6.88497
686    -6.84616
687    -6.82423
688    -6.81507
689    -6.70281
690    -6.69061
691    -6.74092
692    -6.84721
693    -6.79579
694    -6.79447
695    -6.78408
696    -6.80286
697    -6.77561
698     -6.7659
699    -6.70354
700    -6.72197
701    -6.71452
702    -6.70009
703    -6.70486
704    -6.72066
705    -6.76297
706    -6.74247
707     -6.7446
708    -6.71372
709    -6.75539
710    -6.77121
711    -6.79285
712    -6.75221
713    -6.69652
714    -6.66751
715    -6.60452
716    -6.60643
717    -6.60932
718    -6.61928
719    -6.53033
720    -6.50001
721     -6.5698
722    -6.59032
723    -6.69032
724    -6.74857
725    -6.76582
726    -6.72262
727     -6.7066
728    -6.78991
729    -6.73224
730    -6.72507
731    -6.68983
732     -6.6325
733    -6.56203
734    -6.55958
735    -6.56397
736    -6.60084
737    -6.52912
738    -6.51801
739    -6.53465
740     -6.6116
741    -6.53969
742    -6.63113
743    -6.75045
744    -6.66013
745     -6.6991
746    -6.69578
747    -6.64037
748    -6.72054
749     -6.7346
750     -6.7616
751    -6.74819
752    -6.70651
753    -6.65252
754    -6.72941
755    -6.77412
756    -6.73549
757    -6.78018
758    -6.75076
759    -6.75241
760    -6.75672
761    -6.79412
762    -6.81419
763    -6.75244
764     -6.6739
765    -6.78961
766    -6.80991
767    -6.79475
768    -6.76553
769    -6.68839
770    -6.69198
771    -6.78583
772    -6.88054
773    -6.95234
774    -6.85253
775    -6.86364
776    -6.88406
777    -6.88291
778    -6.86826
779    -6.86749
780    -6.84123
781    -6.79378
782    -6.81292
783    -6.78969
784     -6.7525
785    -6.69309
786    -6.56888
787    -6.56303
788    -6.53763
789     -6.5806
790    -6.58906
791     -6.4511
792    -6.48151
793    -6.50013
794    -6.59828
795     -6.6012
796    -6.60423
797    -6.62869
798    -6.56609
799      -6.639
800    -6.61099
801     -6.6767
802    -6.71315
803    -6.64791
804    -6.72059
805    -6.75849
806    -6.82798
807    -6.73637
808     -6.6914
809     -6.6953
810    -6.72593
811     -6.6943
812    -6.79176
813    -6.80762
814    -6.76539
815    -6.71652
816    -6.74104
817    -6.79364
818    -6.78821
819    -6.81529
820    -6.79688
821    -6.73417
822    -6.77935
823    -6.75031
824     -6.7771
825    -6.80575
826    -6.73463
827    -6.59537
828     -6.6316
829     -6.6542
830    -6.70249
831    -6.77079
832    -6.73005
833    -6.69232
834    -6.67709
835    -6.69159
836    -6.70172
837    -6.62387
838    -6.71863
839    -6.59928
840    -6.55269
841    -6.49763
842    -6.62736
843    -6.68678
844    -6.79544
845     -6.7709
846    -6.66248
847    -6.60217
848    -6.66267
849    -6.66405
850     -6.6934
851    -6.71995
852    -6.70253
853    -6.65171
854    -6.68072
855    -6.68435
856     -6.6889
857    -6.68319
858    -6.71353
859    -6.78945
860    -6.84604
861    -6.74383
862     -6.7068
863    -6.69468
864    -6.75622
865    -6.79567
866    -6.81266
867    -6.79133
868    -6.80322
869     -6.8255
870    -6.79003
871    -6.74009
872    -6.77676
873    -6.80721
874     -6.8165
875    -6.75616
876     -6.7521
877    -6.70205
878    -6.64914
879    -6.66623
880    -6.64894
881    -6.65773
882    -6.70848
883    -6.77627
884    -6.81028
885    -6.75087
886    -6.82904
887    -6.81993
888    -6.71876
889    -6.70885
890    -6.71588
891    -6.60815
892    -6.58666
893    -6.70999
894    -6.66958
895    -6.73167
896    -6.72779
897    -6.67257
898    -6.80347
899    -6.85837
900    -6.76594
901    -6.78399
902    -6.77271
903    -6.77085
904    -6.77297
905    -6.83472
906    -6.78952
907    -6.77313
908    -6.84244
909    -6.79521
910    -6.82194
911    -6.80025
912    -6.71628
913    -6.73933
914    -6.72973
915    -6.74974
916    -6.77721
917     -6.8463
918    -6.81643
919    -6.77057
920    -6.81768
921    -6.76719
922     -6.7719
923    -6.76961
924     -6.7217
925    -6.77675
926    -6.71462
927    -6.71023
928     -6.6615
929    -6.67227
930    -6.63329
931    -6.58244
932    -6.71636
933     -6.7496
934      -6.688
935     -6.6262
936    -6.66113
937    -6.62628
938    -6.68313
939    -6.69564
940    -6.66473
941    -6.62982
942    -6.69567
943    -6.70561
944     -6.7258
945    -6.67856
946     -6.6222
947     -6.6244
948    -6.65447
949    -6.66629
950    -6.68326
951    -6.68412
952    -6.72743
953    -6.66893
954    -6.70189
955    -6.72995
956      -6.646
957    -6.66986
958     -6.6506
959    -6.56784
960    -6.55522
961    -6.63945
962    -6.63463
963    -6.62181
964    -6.63586
965     -6.5827
966    -6.60106
967    -6.59825
968    -6.65077
969    -6.62631
970    -6.62146
971    -6.64087
972    -6.58214
973    -6.54619
974    -6.55245
975     -6.5508
976    -6.50812
977    -6.43773
978     -6.5199
979    -6.58587
980    -6.51718
981    -6.49887
982    -6.53973
983    -6.56004
984    -6.51817
985    -6.56127
986    -6.59595
987    -6.63413
988    -6.72869
989    -6.69117
990    -6.65256
991    -6.57971
992    -6.57568
993    -6.61863
994    -6.70759
995    -6.60522
996    -6.65636
997    -6.73676
998     -6.6962
999    -6.63524
1000    -6.63955
1001    -6.67241
1002    -6.65536
1003    -6.69487
1004    -6.73169
1005     -6.7517
1006    -6.67405
1007    -6.69395
1008    -6.76918
1009    -6.77445
1010    -6.81703
1011    -6.89469
1012    -6.86532
1013     -6.8484
1014    -6.76639
1015    -6.73978
1016    -6.76343
1017    -6.80384
1018    -6.67734
1019     -6.6229
1020    -6.58824
1021     -6.6134
1022    -6.57841
1023    -6.57457
1024    -6.54245
1025    -6.55745
1026    -6.56994
1027    -6.58991
1028    -6.59032
1029    -6.63263
1030    -6.65378
1031    -6.68936
1032    -6.68992
1033    -6.71528
1034    -6.74247
1035    -6.73783
1036    -6.74725
1037    -6.76681
1038    -6.78159
1039    -6.89738
1040    -6.94107
1041    -6.80991
1042    -6.86738
1043    -6.77962
1044    -6.74328
1045    -6.73537
1046    -6.72766
1047    -6.69814
1048    -6.70745
1049    -6.69062
1050     -6.6995
1051    -6.67366
1052    -6.74822
1053     -6.6864
1054    -6.71122
1055    -6.76472
1056     -6.7377
1057    -6.75531
1058    -6.69731
1059    -6.71826
1060    -6.67238
1061    -6.59111
1062    -6.62238
1063    -6.57329
1064    -6.59536
1065    -6.62956
1066    -6.69253
1067    -6.70217
1068    -6.65179
1069    -6.62571
1070    -6.55027
1071    -6.64329
1072     -6.7088
1073    -6.76074
1074    -6.71937
1075    -6.71294
1076     -6.7206
1077     -6.7356
1078    -6.80766
1079    -6.76705
1080    -6.66777
1081    -6.69998
1082    -6.72271
1083    -6.68318
1084    -6.76735
1085    -6.77781
1086     -6.6659
1087    -6.60812
1088    -6.65538
1089    -6.65722
1090     -6.6444
1091    -6.60968
1092    -6.65631
1093    -6.66337
1094    -6.64913
1095     -6.5703
1096    -6.56893
1097    -6.52788
1098    -6.52102
1099    -6.56762
1100    -6.64877
1101      -6.706
1102    -6.58261
1103    -6.51792
1104    -6.54487
1105    -6.61675
1106    -6.60167
1107    -6.67523
1108    -6.58015
1109    -6.62071
1110    -6.62654
1111    -6.53959
1112    -6.61434
1113    -6.70995
1114    -6.63329
1115     -6.6586
1116     -6.6768
1117    -6.64882
1118    -6.67843
1119     -6.6491
1120    -6.68211
1121    -6.64057
1122    -6.68677
1123    -6.71538
1124    -6.58417
1125    -6.62512
1126    -6.73035
1127    -6.77911
1128    -6.70759
1129     -6.7034
1130     -6.7175
1131    -6.72243
1132    -6.70113
1133    -6.72476
1134    -6.74876
1135    -6.70574
1136    -6.72549
1137    -6.69295
1138    -6.73238
1139    -6.68579
1140    -6.54621
1141    -6.61749
1142    -6.61872
1143    -6.57446
1144    -6.68384
1145    -6.70969
1146    -6.60629
1147    -6.58715
1148    -6.57779
1149    -6.60888
1150    -6.66508
1151    -6.69153
1152    -6.72816
1153    -6.70929
1154    -6.68834
1155     -6.6184
1156    -6.63028
1157     -6.6101
1158    -6.63886
1159    -6.67123
1160    -6.71673
1161    -6.69887
1162    -6.73682
1163    -6.73023
1164    -6.77973
1165    -6.68647
1166    -6.64975
1167    -6.67695
1168    -6.59407
1169    -6.65923
1170    -6.68828
1171    -6.67629
1172    -6.63837
1173    -6.60676
1174    -6.57493
1175    -6.69795
1176    -6.70416
1177    -6.70526
1178    -6.73084
1179    -6.76389
1180    -6.69201
1181    -6.78839
1182    -6.80236
1183    -6.88686
1184    -6.84441
1185    -6.84239
1186    -6.69121
1187    -6.65766
1188    -6.64443
1189    -6.67665
1190    -6.71679
1191    -6.70111
1192    -6.70903
1193    -6.70125
1194    -6.64217
1195    -6.68179
1196    -6.70575
1197    -6.71284
1198    -6.72221
1199    -6.78248
1200     -6.8474
1201    -6.81021
1202      -6.795
1203     -6.7331
1204    -6.69444
1205    -6.71675
1206    -6.71403
1207    -6.67199
1208    -6.69543
1209    -6.69239
1210    -6.73827
1211    -6.76063
1212    -6.74115
1213    -6.78065
1214    -6.77724
1215    -6.82456
1216    -6.79435
1217    -6.69922
1218    -6.66358
1219    -6.68086
1220    -6.72253
1221     -6.8073
1222    -6.76794
1223    -6.78383
1224    -6.70892
1225    -6.64882
1226    -6.68513
1227    -6.73514
1228    -6.78492
1229    -6.81766
1230    -6.79021
1231    -6.82977
1232    -6.77021
1233    -6.80973
1234    -6.78702
1235    -6.77775
1236    -6.77218
1237     -6.7397
1238    -6.73595
1239    -6.69007
1240    -6.68017
1241    -6.68121
1242    -6.67364
1243    -6.65444
1244    -6.67589
1245    -6.58148
1246    -6.60544
1247    -6.66829
1248    -6.67656
1249    -6.70887
1250     -6.6399
1251    -6.54373
1252    -6.57215
1253    -6.61928
1254    -6.59818
1255    -6.56418
1256     -6.6297
1257    -6.60003
1258    -6.57941
1259    -6.62671
1260    -6.59618
1261    -6.60993
1262    -6.58022
1263    -6.60716
1264    -6.61025
1265    -6.61577
1266    -6.69513
1267    -6.75908
1268    -6.80307
1269    -6.77475
1270    -6.83381
1271    -6.76427
1272     -6.7632
1273    -6.70903
1274     -6.7135
1275     -6.6518
1276    -6.70932
1277    -6.67994
1278    -6.68383
1279    -6.67931
1280    -6.70067
1281    -6.75527
1282    -6.75881
1283    -6.83619
1284    -6.81438
1285    -6.88163
1286      -6.879
1287    -6.84629
1288    -6.81633
1289    -6.89191
1290     -6.8731
1291    -6.85673
1292    -6.86056
1293    -6.77857
1294     -6.7279
1295    -6.76037
1296    -6.81264
1297    -6.83071
1298    -6.78551
1299    -6.82352
1300    -6.84678
1301    -6.82264
1302    -6.82197
1303    -6.71214
1304    -6.74981
1305    -6.76868
1306    -6.74415
1307    -6.75985
1308    -6.76087
1309    -6.73338
1310    -6.77329
1311    -6.73872
1312    -6.71087
1313    -6.70596
1314    -6.68906
1315    -6.67176
1316    -6.63718
1317    -6.62377
1318    -6.71977
1319    -6.64297
1320    -6.64728
1321    -6.80556
1322    -6.73063
1323    -6.68807
1324    -6.64839
1325       -6.64
1326    -6.67075
1327    -6.66282
1328    -6.69402
1329    -6.76281
1330    -6.74663
1331    -6.77574
1332    -6.78018
1333    -6.77209
1334    -6.81183
1335    -6.71045
1336     -6.7114
1337    -6.70244
1338    -6.74688
1339    -6.77718
1340    -6.74469
1341    -6.75522
1342    -6.78884
1343     -6.6909
1344    -6.73736
1345    -6.76822
1346     -6.7235
1347    -6.79558
1348    -6.80554
1349    -6.73367
1350    -6.72821
1351    -6.74869
1352    -6.66757
1353    -6.65789
1354    -6.68783
1355    -6.63936
1356     -6.6808
1357    -6.69937
1358    -6.69533
1359     -6.7575
1360    -6.75863
1361    -6.77403
1362    -6.73636
1363     -6.6693
1364    -6.58402
1365    -6.60208
1366     -6.6369
1367    -6.68323
1368    -6.66338
1369    -6.60655
1370    -6.61438
1371     -6.5592
1372    -6.57988
1373    -6.57508
1374    -6.65731
1375     -6.6686
1376    -6.56803
1377    -6.61219
1378    -6.61742
1379    -6.68494
1380    -6.70476
1381    -6.71514
1382    -6.76917
1383    -6.79412
1384    -6.79455
1385    -6.84951
1386    -6.80049
1387    -6.79015
1388    -6.75793
1389    -6.79773
1390    -6.76024
1391    -6.84677
1392    -6.74825
1393    -6.80647
1394    -6.82808
1395    -6.83978
1396    -6.82408
1397    -6.86162
1398    -6.79132
1399    -6.86667
1400     -6.8735
1401    -6.87467
1402     -6.8287
1403     -6.8276
1404    -6.77595
1405     -6.7682
1406     -6.7422
1407    -6.69148
1408    -6.72718
1409    -6.70589
1410    -6.60823
1411    -6.64144
1412    -6.61255
1413    -6.64828
1414    -6.54647
1415    -6.61691
1416    -6.59328
1417    -6.60439
1418    -6.65759
1419    -6.61281
1420    -6.61726
1421    -6.63413
1422    -6.63645
1423    -6.62525
1424    -6.63213
1425    -6.62188
1426    -6.64945
1427     -6.7059
1428    -6.69315
1429    -6.69193
1430    -6.76558
1431    -6.75753
1432    -6.76178
1433    -6.77266
1434    -6.82859
1435    -6.75467
1436    -6.77004
1437    -6.71842
1438    -6.73898
1439    -6.74435
1440    -6.68718
1441    -6.74963
1442    -6.75739
1443    -6.75324
1444    -6.73516
1445    -6.73952
1446     -6.6667
1447    -6.61374
1448    -6.62144
1449    -6.67529
1450    -6.71861
1451    -6.67446
1452    -6.77308
1453    -6.75404
1454    -6.79413
1455    -6.77474
1456    -6.70961
1457    -6.71752
1458    -6.69983
1459    -6.68892
1460    -6.70555
1461    -6.71508
1462     -6.6352
1463    -6.63741
1464     -6.5994
1465    -6.56585
1466    -6.66635
1467    -6.57553
1468    -6.61543
1469    -6.56538
1470    -6.56325
1471    -6.60019
1472    -6.57398
1473     -6.5863
1474     -6.5212
1475    -6.57918
1476    -6.61874
1477    -6.64098
1478     -6.5792
1479    -6.58255
1480     -6.5411
1481    -6.59806
1482    -6.62036
1483    -6.70398
1484    -6.70478
1485    -6.66182
1486     -6.6695
1487    -6.62802
1488    -6.53341
1489     -6.5682
1490    -6.50697
1491    -6.58821
1492    -6.55612
1493    -6.64845
1494    -6.67639
1495    -6.65123
1496    -6.72856
1497    -6.76016
1498    -6.80764
1499    -6.80053
1500     -6.7474
1501    -6.75723
1502    -6.64411
1503    -6.65715
1504    -6.65277
1505    -6.72175
1506    -6.76258
1507     -6.7508
1508    -6.73103
1509    -6.69145
1510    -6.58917
1511    -6.61069
1512    -6.64503
1513    -6.64626
1514     -6.5704
1515    -6.54022
1516    -6.59377
1517    -6.65185
1518    -6.70867
1519    -6.70496
1520    -6.70679
1521     -6.7519
1522    -6.78472
1523    -6.72093
1524    -6.75772
1525    -6.77109
1526    -6.79675
1527    -6.75914
1528    -6.73009
1529    -6.68486
1530    -6.64757
1531    -6.61052
1532    -6.66591
1533    -6.73632
1534      -6.651
1535    -6.68229
1536    -6.58642
1537    -6.67221
1538    -6.60113
1539    -6.53404
1540    -6.62786
1541    -6.61886
1542    -6.60001
1543    -6.64553
1544    -6.64662
1545    -6.55841
1546    -6.59741
1547    -6.61395
1548    -6.63609
1549    -6.58182
1550    -6.64616
1551    -6.66215
1552    -6.71075
1553    -6.69118
1554    -6.62999
1555     -6.6558
1556    -6.59247
1557    -6.69484
1558    -6.77198
1559    -6.72336
1560     -6.7312
1561    -6.69215
1562    -6.69543
1563    -6.67554
1564     -6.6276
1565    -6.57601
1566    -6.70564
1567    -6.69318
1568    -6.71297
1569     -6.6876
1570    -6.71633
1571    -6.68502
1572    -6.67981
1573    -6.72139
1574     -6.7813
1575      -6.769
1576     -6.6989
1577    -6.75227
1578     -6.7607
1579    -6.72974
1580    -6.67987
1581    -6.70654
1582    -6.70531
1583    -6.66158
1584    -6.59399
1585    -6.59595
1586    -6.66097
1587    -6.63737
1588    -6.63954
1589    -6.60936
1590    -6.61424
1591    -6.73254
1592    -6.71433
1593    -6.70016
1594    -6.66546
1595    -6.60994
1596    -6.67137
1597    -6.64591
1598    -6.70519
1599    -6.78564
1600    -6.76529
1601    -6.70591
1602    -6.69735
1603    -6.76097
1604    -6.73463
1605    -6.68702
1606    -6.74444
1607    -6.78577
1608    -6.68564
1609    -6.70906
1610    -6.77198
1611     -6.7781
1612    -6.77076
1613    -6.71437
1614    -6.66089
1615    -6.66649
1616    -6.60968
1617    -6.68813
1618    -6.67405
1619    -6.72136
1620    -6.62931
1621    -6.64329
1622    -6.69826
1623    -6.75377
1624    -6.72963
1625    -6.72531
1626    -6.71725
1627    -6.66307
1628    -6.76004
1629    -6.79428
1630    -6.73312
1631    -6.72397
1632    -6.70763
1633    -6.67726
1634    -6.54743
1635    -6.63621
1636    -6.55849
1637    -6.48612
1638    -6.51205
1639     -6.4419
1640    -6.45971
1641    -6.41938
1642    -6.52072
1643    -6.42701
1644    -6.45191
1645    -6.53963
1646    -6.51218
1647    -6.49372
1648    -6.50442
1649    -6.51821
1650    -6.53239
1651    -6.47295
1652    -6.49922
1653    -6.50106
1654    -6.45087
1655    -6.49253
1656    -6.51941
1657    -6.42279
1658    -6.47951
1659    -6.54855
1660    -6.55791
1661    -6.53595
1662     -6.5498
1663    -6.55113
1664     -6.5687
1665     -6.5953
1666    -6.59661
1667    -6.50307
1668    -6.60265
1669    -6.66724
1670    -6.63252
1671    -6.60994
1672    -6.61892
1673    -6.61095
1674    -6.60213
1675    -6.60025
1676    -6.67692
1677    -6.71385
1678    -6.78138
1679    -6.73042
1680    -6.80972
1681    -6.81194
1682    -6.77748
1683    -6.67332
1684    -6.74912
1685    -6.74454
1686    -6.67893
1687    -6.70889
1688    -6.64542
1689    -6.63524
1690     -6.6252
1691    -6.62886
1692    -6.63592
1693    -6.58815
1694    -6.69469
1695    -6.68895
1696    -6.72609
1697    -6.62913
1698    -6.64106
1699    -6.61572
1700    -6.60031
1701     -6.5822
1702    -6.60609
1703    -6.67946
1704    -6.67002
1705    -6.64975
1706    -6.63239
1707    -6.60123
1708    -6.62525
1709    -6.54036
1710    -6.57567
1711    -6.69155
1712    -6.71628
1713    -6.73983
1714    -6.68201
1715    -6.63601
1716    -6.65349
1717    -6.69578
1718    -6.66035
1719    -6.68046
1720    -6.64572
1721    -6.67836
1722    -6.66676
1723    -6.66491
1724    -6.66001
1725    -6.68749
1726    -6.63019
1727    -6.73924
1728    -6.77097
1729    -6.77183
1730    -6.80952
1731    -6.85399
1732    -6.79894
1733    -6.79055
1734    -6.83568
1735     -6.8872
1736      -6.855
1737    -6.83488
1738    -6.76756
1739    -6.77008
1740     -6.7768
1741    -6.83958
1742    -6.84618
1743    -6.80564
1744     -6.7799
1745    -6.74225
1746    -6.69014
1747    -6.82781
1748    -6.73182
1749    -6.74456
1750     -6.6284
1751    -6.73072
1752    -6.80804
1753    -6.81771
1754    -6.81332
1755    -6.80514
1756    -6.76528
1757    -6.81433
1758    -6.76838
1759    -6.75868
1760    -6.79411
1761    -6.77118
1762    -6.80021
1763      -6.678
1764    -6.68323
1765    -6.69144
1766    -6.69455
1767    -6.71894
1768    -6.71147
1769    -6.75736
1770    -6.80221
1771    -6.74587
1772    -6.72537
1773    -6.68688
1774    -6.58818
1775    -6.57475
1776    -6.60483
1777    -6.60613
1778    -6.56104
1779    -6.55243
1780     -6.5197
1781      -6.486
1782     -6.5566
1783    -6.56676
1784    -6.62481
1785     -6.6729
1786    -6.70721
1787    -6.73369
1788    -6.74975
1789    -6.82247
1790    -6.85395
1791    -6.84541
1792    -6.77048
1793    -6.65806
1794    -6.63456
1795    -6.62417
1796    -6.60065
1797    -6.62153
1798    -6.66644
1799    -6.59328
1800    -6.59921
1801    -6.63996
1802    -6.61769
1803    -6.61822
1804     -6.6107
1805    -6.61905
1806    -6.61612
1807    -6.63281
1808    -6.61924
1809    -6.54916
1810    -6.56021
1811    -6.62586
1812    -6.65209
1813    -6.58411
1814    -6.59294
1815    -6.62329
1816    -6.54102
1817    -6.53129
1818    -6.58238
1819    -6.67767
1820    -6.71052
1821    -6.76893
1822    -6.70716
1823     -6.6025
1824    -6.66385
1825    -6.62048
1826    -6.66951
1827    -6.72063
1828    -6.69665
1829    -6.76466
1830    -6.74129
1831    -6.79106
1832    -6.81216
1833    -6.81704
1834    -6.77089
1835    -6.81077
1836    -6.79229
1837     -6.7691
1838    -6.76057
1839    -6.72592
1840    -6.66698
1841    -6.71472
1842    -6.76217
1843     -6.7953
1844    -6.74973
1845    -6.69277
1846    -6.69855
1847    -6.70669
1848    -6.68345
1849    -6.59806
1850    -6.69249
1851    -6.67777
1852     -6.6302
1853    -6.67029
1854    -6.68546
1855    -6.69039
1856    -6.72352
1857    -6.62812
1858    -6.63162
1859     -6.6213
1860    -6.71361
1861    -6.74842
1862    -6.65838
1863    -6.67173
1864    -6.67611
1865    -6.73122
1866    -6.78583
1867    -6.73541
1868    -6.77242
1869    -6.80975
1870    -6.83485
1871    -6.73993
1872    -6.74068
1873    -6.76904
1874    -6.71143
1875    -6.60813
1876    -6.63167
1877    -6.66594
1878    -6.73108
1879    -6.71174
1880    -6.73844
1881     -6.6968
1882    -6.74453
1883    -6.73981
1884    -6.75548
1885    -6.81833
1886    -6.90351
1887    -6.87119
1888    -6.84958
1889    -6.78457
1890     -6.8336
1891    -6.84705
1892    -6.76268
1893    -6.69831
1894    -6.69271
1895    -6.67164
1896    -6.72251
1897    -6.72814
1898    -6.71828
1899    -6.71303
1900     -6.6966
1901    -6.68106
1902    -6.68481
1903    -6.71657
1904    -6.64219
1905     -6.6305
1906    -6.62015
1907    -6.64591
1908    -6.69825
1909    -6.76362
1910    -6.75085
1911    -6.75533
1912    -6.74875
1913    -6.76248
1914    -6.73311
1915    -6.70761
1916    -6.75918
1917     -6.7099
1918    -6.70429
1919     -6.6832
1920     -6.6214
1921    -6.71984
1922    -6.74922
1923    -6.62465
1924    -6.58134
1925    -6.61282
1926     -6.5627
1927    -6.58628
1928    -6.58405
1929    -6.58003
1930    -6.57669
1931    -6.54039
1932    -6.59119
1933    -6.65238
1934    -6.63607
1935    -6.68099
1936    -6.57921
1937    -6.63632
1938    -6.64617
1939    -6.66526
1940    -6.70448
1941    -6.68399
1942     -6.6793
1943    -6.66402
1944    -6.67694
1945    -6.64345
1946    -6.63869
1947     -6.6575
1948    -6.80855
1949    -6.70132
1950    -6.65365
1951    -6.57767
1952    -6.62258
1953    -6.61435
1954    -6.58296
1955    -6.56486
1956    -6.56786
1957    -6.53148
1958    -6.57458
1959    -6.58968
1960    -6.52105
1961    -6.59695
1962    -6.55288
1963    -6.53307
1964    -6.55157
1965    -6.63786
1966    -6.57986
1967    -6.56962
1968    -6.57132
1969     -6.6418
1970    -6.61412
1971    -6.66971
1972    -6.68905
1973    -6.67977
1974    -6.68335
1975     -6.6102
1976    -6.59724
1977    -6.59403
1978    -6.57455
1979     -6.5998
1980    -6.59397
1981    -6.53045
1982    -6.50901
1983    -6.55922
1984     -6.5492
1985    -6.55076
1986     -6.5581
1987    -6.61901
1988    -6.68055
1989    -6.63688
1990    -6.67673
1991    -6.61233
1992    -6.71879
1993     -6.7659
1994    -6.72785
1995    -6.75793
1996    -6.78055
1997    -6.77698
1998    -6.75484
1999     -6.7048
2000    -6.67076
2001    -6.68965
2002    -6.69715
2003    -6.65139
2004    -6.67745
2005    -6.70255
2006    -6.70851
2007    -6.72237
2008    -6.71902
2009    -6.75507
2010    -6.78921
2011    -6.75626
2012    -6.72775
2013    -6.72332
2014    -6.71033
2015    -6.59429
2016    -6.67917
2017    -6.70003
2018    -6.78793
2019    -6.75406
2020    -6.74044
2021    -6.73469
2022    -6.69045
2023    -6.71142
2024    -6.62785
2025    -6.62143
2026    -6.57054
2027    -6.59156
2028    -6.64882
2029    -6.66703
2030    -6.66789
2031    -6.64749
2032    -6.71029
2033    -6.66851
2034    -6.72964
2035    -6.83852
2036    -6.86122
2037    -6.81487
2038    -6.79168
2039    -6.81649
2040    -6.84702
2041    -6.85872
2042    -6.84054
2043    -6.70212
2044     -6.6986
2045    -6.64867
2046    -6.65891
2047    -6.68287
2048    -6.65487
2049    -6.67423
2050    -6.67083
2051     -6.6959
2052    -6.63919
2053     -6.6373
2054    -6.61572
2055    -6.63754
2056    -6.67311
2057    -6.60862
2058    -6.68356
2059    -6.69232
2060    -6.61148
2061    -6.70279
2062    -6.70467
2063    -6.72659
2064     -6.6917
2065    -6.67901
2066    -6.68123
2067    -6.70358
2068    -6.72897
2069    -6.74477
2070    -6.77072
2071    -6.72205
2072     -6.6495
2073    -6.57617
2074    -6.61517
2075    -6.66037
2076     -6.6462
2077    -6.66636
2078     -6.7037
2079    -6.66596
2080    -6.68408
2081    -6.71524
2082    -6.73406
2083    -6.68296
2084    -6.75065
2085    -6.66513
2086    -6.74504
2087    -6.68048
2088    -6.70881
2089    -6.73404
2090    -6.65236
2091     -6.6339
2092    -6.61582
2093    -6.70776
2094    -6.71354
2095     -6.6692
2096    -6.62877
2097    -6.74745
2098    -6.78656
2099    -6.71187
2100    -6.62749
2101    -6.58297
2102    -6.63859
2103     -6.6441
2104    -6.72264
2105     -6.7303
2106    -6.70873
2107    -6.72274
2108    -6.71599
2109    -6.76812
2110    -6.79714
2111    -6.67659
2112    -6.66755
2113    -6.71487
2114    -6.62207
2115    -6.57583
2116    -6.59665
2117    -6.61019
2118    -6.56715
2119    -6.54525
2120    -6.52314
2121    -6.55559
2122    -6.54406
2123    -6.62457
2124    -6.65177
2125    -6.68867
2126    -6.58137
2127    -6.57403
2128    -6.55518
2129    -6.58626
2130    -6.54717
2131    -6.49834
2132    -6.66237
2133    -6.66412
2134    -6.69397
2135    -6.67214
2136    -6.69878
2137    -6.69262
2138    -6.74161
2139    -6.72848
2140    -6.75607
2141    -6.69773
2142    -6.74459
2143     -6.6767
2144    -6.75257
2145    -6.67711
2146    -6.75477
2147    -6.79914
2148    -6.78322
2149    -6.84321
2150    -6.81186
2151    -6.82329
2152    -6.79959
2153     -6.8035
2154    -6.79451
2155    -6.76435
2156    -6.77339
2157    -6.74576
2158    -6.80008
2159    -6.77661
2160    -6.76981
2161    -6.79067
2162    -6.83982
2163    -6.75628
2164    -6.70859
2165    -6.75348
2166    -6.77216
2167    -6.75245
2168    -6.69356
2169    -6.75255
2170     -6.7327
2171    -6.75388
2172    -6.72082
2173    -6.67162
2174    -6.65649
2175    -6.61031
2176    -6.61864
2177    -6.65333
2178    -6.64376
2179     -6.6795
2180     -6.6345
2181    -6.67528
2182    -6.64908
2183    -6.72486
2184    -6.66632
2185    -6.58548
2186    -6.68955
2187    -6.73468
2188     -6.6087
2189    -6.61407
2190      -6.534
2191    -6.55409
2192    -6.58991
2193    -6.65249
2194    -6.59168
2195    -6.63861
2196     -6.5768
2197    -6.63729
2198    -6.68479
2199    -6.74461
2200     -6.7286
2201    -6.81004
2202    -6.80144
2203    -6.77017
2204    -6.83679
2205    -6.69603
2206    -6.74045
2207    -6.82792
2208    -6.78963
2209    -6.77876
2210    -6.81719
2211    -6.81775
2212     -6.8002
2213    -6.71706
2214    -6.73265
2215     -6.7583
2216    -6.81973
2217     -6.7585
2218    -6.64414
2219    -6.59993
2220    -6.58412
2221    -6.66489
2222    -6.67686
2223    -6.70062
2224    -6.68928
2225    -6.67674
2226    -6.63071
2227    -6.69324
2228    -6.67614
2229    -6.69167
2230    -6.70172
2231    -6.72772
2232    -6.73433
2233    -6.75423
2234    -6.71246
2235    -6.70943
2236    -6.57534
2237    -6.56672
2238    -6.58041
2239    -6.60217
2240    -6.59418
2241    -6.64648
2242    -6.68473
2243    -6.73142
2244    -6.68749
2245     -6.8234
2246    -6.81484
2247    -6.79163
2248    -6.79054
2249    -6.73959
2250    -6.73913
2251    -6.71462
2252    -6.78797
2253    -6.77733
2254    -6.76449
2255    -6.75046
2256    -6.73538
2257    -6.72109
2258    -6.67214
2259    -6.62401
2260    -6.60337
2261    -6.57381
2262     -6.6333
2263    -6.61183
2264    -6.57329
2265    -6.61211
2266    -6.56262
2267    -6.65299
2268    -6.75433
2269    -6.69639
2270    -6.64743
2271    -6.62855
2272    -6.56965
2273    -6.46878
2274    -6.59436
2275    -6.53817
2276    -6.65404
2277    -6.66417
2278    -6.76211
2279    -6.76479
2280    -6.77961
2281    -6.81272
2282    -6.83475
2283    -6.81142
2284    -6.78016
2285    -6.77864
2286    -6.73606
2287    -6.71717
2288    -6.76214
2289    -6.77507
2290    -6.80138
2291    -6.79854
2292    -6.79405
2293     -6.8143
2294    -6.81634
2295    -6.77827
2296    -6.80379
2297    -6.79357
2298    -6.78621
2299    -6.69067
2300    -6.67424
2301    -6.69232
2302    -6.70677
2303    -6.68328
2304     -6.6818
2305    -6.75976
2306    -6.76508
2307    -6.71007
2308     -6.7076
2309    -6.72388
2310     -6.6453
2311     -6.7011
2312    -6.71459
2313    -6.68464
2314    -6.76041
2315    -6.70057
2316    -6.77059
2317    -6.79194
2318    -6.80743
2319     -6.8335
2320    -6.86378
2321    -6.86119
2322    -6.81202
2323    -6.87615
2324    -6.77334
2325    -6.71403
2326    -6.72811
2327    -6.67504
2328    -6.65216
2329    -6.59821
2330    -6.61186
2331    -6.64701
2332    -6.60482
2333    -6.60238
2334    -6.60432
2335    -6.56082
2336    -6.53614
2337    -6.50258
2338    -6.53025
2339    -6.50374
2340    -6.52307
2341     -6.5672
2342    -6.58962
2343    -6.65933
2344    -6.63849
2345    -6.62076
2346    -6.64194
2347    -6.61581
2348    -6.59547
2349    -6.49698
2350    -6.58343
2351    -6.50522
2352     -6.5881
2353    -6.63064
2354    -6.65006
2355    -6.69108
2356    -6.74095
2357    -6.66707
2358    -6.69756
2359    -6.73951
2360    -6.65524
2361    -6.63203
2362    -6.72693
2363    -6.66808
2364    -6.78256
2365    -6.76186
2366    -6.77099
2367    -6.79233
2368    -6.80389
2369    -6.80537
2370     -6.7303
2371     -6.7112
2372    -6.77715
2373     -6.8032
2374    -6.77511
2375    -6.70076
2376    -6.76207
2377    -6.79443
2378    -6.81894
2379    -6.80698
2380    -6.80851
2381    -6.75462
2382    -6.76306
2383    -6.70947
2384    -6.69566
2385    -6.67496
2386    -6.70959
2387    -6.62207
2388    -6.69205
2389     -6.5999
2390    -6.57299
2391    -6.57449
2392    -6.53404
2393     -6.5926
2394    -6.61853
2395    -6.59208
2396    -6.49997
2397    -6.54501
2398    -6.55244
2399    -6.70345
2400    -6.69171
2401    -6.64247
2402    -6.62972
2403    -6.62483
2404    -6.62754
2405    -6.67019
2406    -6.64492
2407     -6.6401
2408    -6.62282
2409    -6.67282
2410    -6.70828
2411    -6.82673
2412    -6.84651
2413    -6.85561
2414    -6.90195
2415    -6.90401
2416    -6.86475
2417     -6.8445
2418    -6.78803
2419     -6.7114
2420    -6.68522
2421    -6.61896
2422    -6.64367
2423    -6.60845
2424    -6.56961
2425    -6.60094
2426    -6.64874
2427    -6.62558
2428    -6.65881
2429    -6.64432
2430    -6.57211
2431    -6.60289
2432    -6.63524
2433    -6.69886
2434     -6.6847
2435    -6.69351
2436    -6.75224
2437    -6.66638
2438    -6.68416
2439    -6.71629
2440    -6.69645
2441    -6.69963
2442    -6.69384
2443    -6.73807
2444    -6.66521
2445    -6.68657
2446    -6.66149
2447     -6.6579
2448    -6.62489
2449    -6.66052
2450    -6.72554
2451     -6.7943
2452    -6.74683
2453    -6.69089
2454    -6.67956
2455    -6.60228
2456    -6.60461
2457    -6.61753
2458    -6.59942
2459    -6.64159
2460    -6.69976
2461    -6.76538
2462    -6.78297
2463    -6.81001
2464    -6.87135
2465    -6.76932
2466     -6.7279
2467    -6.66083
2468    -6.62773
2469     -6.6213
2470    -6.57657
2471    -6.65241
2472    -6.66949
2473    -6.59868
2474    -6.56312
2475    -6.54963
2476    -6.58242
2477    -6.71893
2478    -6.68886
2479     -6.6661
2480    -6.65334
2481    -6.70751
2482    -6.65402
2483    -6.66432
2484    -6.60855
2485    -6.62143
2486    -6.63732
2487    -6.59698
2488    -6.57369
2489    -6.56502
2490    -6.54587
2491    -6.54093
2492    -6.60078
2493    -6.63098
2494    -6.70328
2495    -6.67288
2496    -6.72089
2497    -6.63625
2498    -6.62144
2499    -6.72472
2500    -6.73237
2501    -6.77375
2502    -6.72647
2503    -6.65248
2504    -6.71396
2505    -6.68105
2506    -6.72237
2507     -6.7486
2508    -6.81314
2509    -6.82583
2510    -6.77577
2511    -6.77946
2512    -6.76711
2513     -6.7604
2514    -6.74532
2515    -6.75371
2516    -6.78651
2517    -6.79354
2518    -6.80235
2519    -6.77692
2520    -6.76743
2521    -6.76568
2522    -6.78272
2523    -6.73713
2524    -6.74679
2525    -6.74113
2526     -6.7869
2527    -6.79353
2528    -6.74236
2529    -6.70189
2530    -6.67333
2531     -6.7871
2532     -6.7572
2533    -6.70083
2534    -6.75957
2535    -6.79614
2536    -6.80005
2537    -6.83965
2538     -6.8232
2539     -6.7708
2540     -6.7476
2541    -6.72744
2542    -6.76448
2543     -6.7312
2544    -6.77062
2545    -6.80171
2546    -6.78642
2547    -6.81406
2548    -6.87791
2549    -6.90062
2550     -6.8437
2551    -6.78428
2552    -6.73493
2553    -6.70583
2554    -6.77204
2555    -6.71481
2556     -6.7109
2557    -6.67296
2558     -6.6962
2559    -6.68517
2560    -6.67202
2561    -6.62797
2562    -6.61892
2563    -6.56379
2564     -6.6053
2565    -6.70514
2566    -6.69615
2567    -6.71699
2568    -6.67684
2569     -6.7118
2570    -6.72587
2571    -6.68364
2572    -6.76274
2573    -6.70434
2574    -6.69229
2575    -6.67778
2576    -6.76134
2577    -6.72764
2578    -6.70728
2579    -6.69207
2580    -6.72692
2581    -6.72293
2582    -6.67816
2583     -6.6106
2584    -6.57123
2585    -6.59753
2586    -6.58278
2587     -6.5834
2588    -6.56863
2589    -6.65991
2590     -6.6438
2591    -6.71952
2592    -6.75632
2593    -6.76782
2594     -6.8182
2595    -6.82204
2596      -6.688
2597    -6.73065
2598    -6.75487
2599    -6.80943
2600    -6.83819
2601    -6.78262
2602    -6.86552
2603    -6.84359
2604    -6.82074
2605    -6.80239
2606    -6.75039
2607    -6.81298
2608    -6.78202
2609    -6.83549
2610    -6.76825
2611    -6.77061
2612      -6.766
2613     -6.7815
2614    -6.72432
2615      -6.665
2616    -6.66292
2617    -6.65962
2618    -6.67027
2619    -6.66507
2620    -6.65647
2621    -6.65404
2622     -6.6797
2623     -6.7435
2624    -6.63442
2625    -6.55868
2626    -6.59415
2627    -6.53262
2628    -6.58962
2629    -6.55869
2630    -6.57779
2631    -6.57943
2632    -6.59478
2633    -6.62976
2634    -6.60775
2635    -6.59168
2636    -6.70858
2637    -6.68242
2638    -6.68182
2639    -6.71173
2640    -6.65469
2641    -6.53976
2642    -6.54088
2643    -6.54185
2644    -6.56069
2645    -6.56491
2646    -6.57084
2647     -6.6841
2648     -6.7134
2649    -6.65605
2650    -6.66128
2651    -6.73726
2652     -6.7298
2653    -6.79239
2654    -6.76955
2655    -6.78303
2656     -6.8413
2657    -6.79518
2658    -6.83386
2659    -6.86495
2660    -6.84413
2661    -6.77216
2662    -6.76338
2663    -6.80158
2664    -6.78037
2665    -6.77382
2666    -6.86399
2667    -6.96136
2668    -6.93379
2669    -6.97445
2670    -6.95736
2671    -6.85648
2672    -6.88197
2673    -6.87332
2674    -6.82758
2675    -6.86811
2676    -6.87936
2677    -6.91726
2678    -6.85126
2679    -6.83784
2680    -6.80996
2681    -6.78859
2682    -6.80029
2683    -6.75732
2684    -6.85065
2685    -6.80206
2686    -6.79958
2687    -6.82444
2688     -6.8216
2689    -6.77709
2690    -6.67513
2691    -6.73309
2692    -6.76409
2693    -6.67069
2694    -6.65379
2695    -6.69727
2696    -6.75048
2697    -6.79793
2698    -6.74844
2699    -6.70866
2700    -6.72265
2701    -6.70621
2702    -6.69697
2703    -6.73722
2704    -6.75391
2705    -6.75175
2706    -6.66929
2707    -6.63765
2708    -6.69794
2709    -6.68329
2710    -6.68813
2711    -6.62732
2712    -6.60881
2713    -6.57039
2714    -6.56663
2715    -6.68174
2716    -6.69998
2717    -6.57821
2718    -6.60733
2719    -6.56542
2720    -6.46681
2721    -6.46962
2722    -6.47608
2723    -6.54755
2724    -6.57349
2725    -6.47376
2726    -6.58001
2727    -6.64787
2728    -6.74066
2729    -6.70119
2730    -6.69764
2731    -6.73404
2732    -6.76168
2733    -6.70254
2734    -6.71868
2735    -6.62307
2736    -6.58057
2737    -6.57589
2738    -6.73125
2739    -6.76322
2740    -6.71882
2741    -6.71716
2742    -6.65505
2743    -6.70881
2744    -6.61721
2745    -6.57026
2746    -6.57708
2747    -6.58487
2748    -6.65329
2749    -6.65145
2750    -6.68576
2751    -6.59528
2752    -6.60648
2753    -6.71216
2754    -6.78746
2755     -6.7856
2756    -6.68414
2757    -6.58105
2758    -6.59687
2759    -6.56187
2760     -6.5615
2761      -6.581
2762    -6.65035
2763    -6.64496
2764    -6.61618
2765    -6.44781
2766    -6.49649
2767    -6.53698
2768    -6.55603
2769    -6.53536
2770    -6.59607
2771    -6.66827
2772    -6.72852
2773    -6.72211
2774    -6.70272
2775    -6.68459
2776    -6.69539
2777    -6.66776
2778    -6.68878
2779    -6.65498
2780    -6.56592
2781    -6.54458
2782    -6.57249
2783     -6.6403
2784    -6.61788
2785    -6.67154
2786    -6.63752
2787    -6.70174
2788    -6.63632
2789    -6.58712
2790    -6.64648
2791    -6.66122
2792    -6.64542
2793    -6.60784
2794    -6.58699
2795    -6.65302
2796    -6.65043
2797    -6.65326
2798    -6.71882
2799    -6.76172
2800    -6.74893
2801    -6.73606
2802    -6.76735
2803    -6.74312
2804    -6.74465
2805    -6.82675
2806     -6.7283
2807    -6.76265
2808    -6.68349
2809    -6.69452
2810    -6.69778
2811    -6.74694
2812    -6.71071
2813    -6.78037
2814    -6.79606
2815    -6.75513
2816    -6.75321
2817    -6.75955
2818    -6.80119
2819    -6.79818
2820    -6.78914
2821    -6.73996
2822    -6.74606
2823    -6.79772
2824    -6.81019
2825    -6.77872
2826    -6.75714
2827    -6.80244
2828    -6.75557
2829    -6.74889
2830    -6.79029
2831    -6.79545
2832     -6.6996
2833    -6.73224
2834    -6.72044
2835    -6.75574
2836    -6.75072
2837     -6.8401
2838     -6.8711
2839    -6.90408
2840    -6.84008
2841    -6.85325
2842    -6.87801
2843    -6.82859
2844    -6.85799
2845    -6.79971
2846    -6.78963
2847    -6.72538
2848    -6.71878
2849    -6.77791
2850    -6.80638
2851    -6.74908
2852    -6.78671
2853    -6.71511
2854    -6.72532
2855    -6.80969
2856     -6.7867
2857    -6.70653
2858    -6.67338
2859    -6.77218
2860    -6.79482
2861    -6.77465
2862    -6.75863
2863    -6.78796
2864    -6.80391
2865    -6.81975
2866    -6.84034
2867     -6.8538
2868    -6.75102
2869    -6.76185
2870    -6.81535
2871    -6.80798
2872    -6.81564
2873     -6.8138
2874    -6.87062
2875    -6.95325
2876    -6.89996
2877    -6.93642
2878    -6.80388
2879    -6.77707
2880    -6.77067
2881    -6.76909
2882    -6.80581
2883    -6.81043
2884    -6.73738
2885    -6.73131
2886    -6.77915
2887    -6.72985
2888    -6.68636
2889    -6.75161
2890    -6.77299
2891    -6.68834
2892    -6.69501
2893    -6.66885
2894    -6.68393
2895    -6.62291
2896    -6.61062
2897    -6.60523
2898    -6.64613
2899    -6.61704
2900    -6.63829
2901    -6.61072
2902    -6.61342
2903    -6.63659
2904    -6.68368
2905    -6.61785
2906    -6.45641
2907    -6.48359
2908     -6.5243
2909    -6.64725
2910    -6.65278
2911    -6.67666
2912    -6.71696
2913    -6.77561
2914    -6.84497
2915    -6.78347
2916    -6.86118
2917    -6.80048
2918    -6.75506
2919    -6.74959
2920    -6.74283
2921    -6.63907
2922     -6.7117
2923    -6.63763
2924    -6.65749
2925     -6.6735
2926    -6.61819
2927     -6.6109
2928    -6.58968
2929    -6.53976
2930    -6.53924
2931      -6.502
2932    -6.59862
2933    -6.65437
2934     -6.5892
2935    -6.63579
2936      -6.554
2937    -6.56975
2938    -6.56444
2939    -6.61233
2940     -6.6589
2941    -6.62296
2942    -6.64579
2943    -6.60293
2944      -6.636
2945    -6.57246
2946    -6.60546
2947    -6.69244
2948    -6.72998
2949    -6.75542
2950    -6.76015
2951    -6.70372
2952    -6.72983
2953    -6.72833
2954    -6.75255
2955    -6.69179
2956     -6.7104
2957    -6.66098
2958     -6.7341
2959    -6.72846
2960    -6.73184
2961    -6.71968
2962    -6.65511
2963    -6.72672
2964     -6.6851
2965     -6.7097
2966    -6.77918
2967    -6.78287
2968    -6.76496
2969    -6.71765
2970    -6.71364
2971    -6.63922
2972    -6.59413
2973    -6.57745
2974    -6.55776
2975    -6.61553
2976    -6.64695
2977    -6.65037
2978    -6.72577
2979    -6.78413
2980    -6.82179
2981    -6.75737
2982    -6.75662
2983    -6.74546
2984    -6.71237
2985    -6.70751
2986    -6.76237
2987    -6.74097
2988    -6.70175
2989    -6.71692
2990    -6.73181
2991    -6.73694
2992    -6.74374
2993    -6.77535
2994    -6.77756
2995    -6.77738
2996    -6.80473
2997    -6.77864
2998    -6.74296
2999    -6.73452
