0    -7.85023
1    -7.84956
2    -7.84845
3    -7.84689
4    -7.84489
5    -7.84245
6    -7.83956
7    -7.83623
8    -7.83214
9    -7.82794
10     -7.8233
11    -7.81693
12    -7.81078
13    -7.80355
14    -7.79557
15    -7.78619
16     -7.7764
17    -7.76618
18    -7.75618
19    -7.74545
20    -7.73268
21    -7.72111
22    -7.70815
23    -7.69608
24    -7.68391
25    -7.67133
26    -7.65737
27    -7.64364
28    -7.63016
29    -7.61627
30    -7.60037
31    -7.58568
32    -7.57092
33     -7.5561
34    -7.54088
35     -7.5256
36     -7.5093
37    -7.49229
38    -7.47363
39    -7.45622
40    -7.43812
41    -7.42001
42    -7.40154
43    -7.38339
44    -7.36458
45    -7.34481
46    -7.32504
47    -7.30562
48    -7.28493
49    -7.26525
50    -7.24368
51    -7.22217
52    -7.20171
53    -7.18068
54    -7.15909
55     -7.1373
56    -7.11498
57     -7.0928
58    -7.07012
59    -7.04729
60    -7.02528
61    -7.00315
62    -6.98059
63    -6.95729
64     -6.9336
65    -6.91082
66    -6.88703
67    -6.86387
68    -6.84104
69    -6.81823
70    -6.79513
71    -6.77242
72    -6.74881
73    -6.72628
74    -6.70419
75    -6.68225
76    -6.66046
77    -6.63853
78    -6.61746
79    -6.59628
80    -6.57535
81    -6.55403
82    -6.53365
83    -6.51356
84    -6.49348
85    -6.47373
86    -6.45466
87    -6.43597
88    -6.41766
89    -6.39977
90     -6.3823
91    -6.36494
92    -6.34803
93    -6.33159
94    -6.31529
95    -6.29981
96    -6.28516
97    -6.27101
98    -6.25737
99    -6.24458
100    -6.23168
101    -6.21964
102    -6.20813
103     -6.1975
104    -6.18708
105    -6.17722
106    -6.16758
107    -6.15881
108    -6.15059
109    -6.14259
110    -6.13546
111    -6.12919
112    -6.12248
113    -6.11695
114    -6.11194
115    -6.10777
116    -6.10379
117     -6.1003
118    -6.09731
119    -6.09512
120    -6.09275
121    -6.09117
122    -6.08972
123    -6.08902
124    -6.08908
125    -6.08923
126     -6.0901
127    -6.09104
128    -6.09203
129    -6.09371
130    -6.09574
131    -6.09843
132    -6.10176
133    -6.10476
134    -6.10774
135    -6.11132
136    -6.11517
137    -6.11895
138    -6.12329
139    -6.12787
140    -6.13235
141    -6.13702
142    -6.14221
143    -6.14726
144     -6.1528
145    -6.15785
146    -6.16401
147    -6.16965
148    -6.17574
149    -6.18096
150    -6.18758
151    -6.19429
152    -6.20043
153    -6.20696
154    -6.21387
155    -6.22083
156    -6.22751
157    -6.23422
158    -6.24128
159    -6.24803
160    -6.25479
161    -6.26155
162    -6.26863
163    -6.27537
164    -6.28209
165    -6.28878
166    -6.29512
167     -6.3024
168    -6.30866
169    -6.31487
170    -6.32104
171    -6.32715
172    -6.33384
173    -6.34079
174    -6.34703
175    -6.35319
176     -6.3596
177    -6.36529
178    -6.37122
179    -6.37706
180    -6.38249
181    -6.38815
182    -6.39372
183    -6.39984
184    -6.40554
185    -6.41017
186    -6.41599
187    -6.42138
188    -6.42602
189     -6.4312
190     -6.4353
191    -6.44026
192    -6.44478
193    -6.44918
194     -6.4538
195    -6.45829
196    -6.46234
197    -6.46595
198    -6.46975
199    -6.47376
200    -6.47731
201    -6.48074
202    -6.48372
203    -6.48722
204    -6.49059
205    -6.49318
206    -6.49564
207    -6.49829
208    -6.50178
209    -6.50416
210    -6.50641
211    -6.50885
212    -6.51083
213      -6.513
214    -6.51471
215    -6.51628
216    -6.51707
217    -6.51805
218    -6.51955
219    -6.51994
220    -6.51987
221    -6.52065
222    -6.52097
223    -6.52116
224    -6.52188
225    -6.52214
226    -6.52228
227    -6.52198
228    -6.52156
229    -6.52166
230    -6.52133
231    -6.52057
232    -6.52034
233    -6.52034
234    -6.51926
235    -6.51874
236    -6.51715
237    -6.51547
238    -6.51435
239    -6.51283
240    -6.51123
241    -6.50989
242    -6.50816
243    -6.50669
244    -6.50452
245    -6.50294
246    -6.50197
247    -6.50096
248    -6.49927
249    -6.49755
250    -6.49614
251    -6.49438
252    -6.49261
253    -6.49083
254    -6.48938
255    -6.48728
256    -6.48585
257    -6.48475
258    -6.48303
259    -6.48134
260       -6.48
261    -6.47772
262    -6.47614
263    -6.47493
264    -6.47409
265    -6.47298
266    -6.47226
267    -6.47096
268    -6.46939
269    -6.46823
270    -6.46681
271    -6.46644
272    -6.46551
273    -6.46434
274    -6.46325
275    -6.46225
276    -6.46232
277    -6.46184
278    -6.46144
279    -6.46115
280    -6.46127
281    -6.46084
282    -6.46084
283    -6.46094
284    -6.46113
285    -6.46142
286    -6.46149
287    -6.46134
288    -6.46128
289    -6.46197
290    -6.46308
291    -6.46364
292     -6.4643
293    -6.46505
294    -6.46655
295    -6.46749
296    -6.46852
297    -6.47028
298     -6.4718
299    -6.47309
300     -6.4751
301    -6.47719
302    -6.47969
303     -6.4816
304    -6.48359
305    -6.48565
306    -6.48778
307    -6.49029
308    -6.49254
309    -6.49484
310    -6.49688
311    -6.49961
312    -6.50239
313    -6.50522
314    -6.50679
315    -6.50905
316    -6.51167
317      -6.514
318      -6.517
319    -6.51937
320    -6.52209
321    -6.52515
322    -6.52822
323    -6.53131
324    -6.53342
325    -6.53619
326    -6.53895
327    -6.54171
328    -6.54478
329    -6.54752
330    -6.55088
331    -6.55455
332    -6.55755
333    -6.56019
334    -6.56313
335     -6.5657
336    -6.56791
337     -6.5704
338    -6.57252
339    -6.57523
340    -6.57756
341    -6.58048
342    -6.58269
343    -6.58516
344    -6.58723
345    -6.58891
346    -6.59117
347    -6.59334
348    -6.59543
349    -6.59647
350    -6.59774
351    -6.59958
352    -6.60197
353    -6.60266
354    -6.60391
355    -6.60474
356    -6.60548
357    -6.60678
358    -6.60799
359    -6.60878
360     -6.6098
361    -6.61107
362    -6.61095
363    -6.61172
364    -6.61242
365    -6.61303
366    -6.61325
367     -6.6134
368     -6.6138
369     -6.6135
370    -6.61314
371    -6.61338
372    -6.61292
373    -6.61275
374    -6.61287
375    -6.61231
376    -6.61205
377    -6.61146
378    -6.61151
379    -6.61091
380    -6.61031
381    -6.60973
382    -6.60949
383    -6.60896
384    -6.60878
385    -6.60833
386    -6.60824
387    -6.60757
388    -6.60727
389    -6.60802
390    -6.60819
391    -6.60877
392     -6.6091
393    -6.60953
394    -6.60972
395    -6.61033
396    -6.61136
397    -6.61216
398    -6.61372
399    -6.61505
400    -6.61649
401    -6.61771
402    -6.61839
403    -6.61982
404    -6.62134
405    -6.62329
406    -6.62566
407    -6.62747
408    -6.63002
409    -6.63136
410    -6.63375
411    -6.63589
412    -6.63843
413    -6.64038
414    -6.64369
415    -6.64544
416    -6.64756
417     -6.6494
418    -6.65159
419    -6.65447
420    -6.65705
421    -6.65965
422    -6.66193
423    -6.66358
424    -6.66588
425    -6.66785
426    -6.67046
427    -6.67273
428    -6.67595
429    -6.67851
430    -6.68104
431    -6.68354
432      -6.686
433    -6.68842
434     -6.6921
435    -6.69476
436    -6.69738
437     -6.6993
438    -6.70148
439    -6.70426
440    -6.70504
441    -6.70673
442    -6.70836
443    -6.70928
444     -6.7111
445    -6.71253
446     -6.7139
447    -6.71553
448    -6.71773
449    -6.71858
450    -6.71999
451    -6.72102
452    -6.72261
453    -6.72349
454    -6.72495
455    -6.72601
456    -6.72699
457    -6.72791
458    -6.72778
459    -6.72854
460    -6.72956
461    -6.73083
462    -6.73203
463    -6.73251
464    -6.73324
465    -6.73292
466    -6.73317
467    -6.73239
468    -6.73282
469    -6.73286
470     -6.7325
471     -6.7324
472    -6.73222
473    -6.73327
474    -6.73296
475    -6.73257
476     -6.7318
477    -6.73095
478    -6.73036
479    -6.73002
480     -6.7293
481    -6.72948
482    -6.72863
483    -6.72771
484     -6.7264
485    -6.72601
486    -6.72524
487    -6.72441
488     -6.7232
489    -6.72162
490    -6.72031
491    -6.71863
492    -6.71722
493    -6.71578
494     -6.7143
495    -6.71213
496    -6.70993
497      -6.709
498     -6.7074
499    -6.70609
500    -6.70412
501    -6.70214
502    -6.70014
503    -6.69879
504    -6.69808
505     -6.6964
506    -6.69505
507    -6.69307
508    -6.69175
509    -6.69045
510    -6.68885
511    -6.68696
512    -6.68607
513    -6.68425
514     -6.6828
515    -6.68172
516    -6.67972
517    -6.67777
518    -6.67622
519    -6.67569
520    -6.67427
521    -6.67259
522    -6.67164
523    -6.67044
524    -6.66965
525    -6.66927
526    -6.66833
527    -6.66781
528    -6.66738
529    -6.66769
530    -6.66713
531    -6.66732
532    -6.66697
533    -6.66736
534    -6.66721
535    -6.66781
536    -6.66787
537    -6.66869
538     -6.6696
539     -6.6703
540    -6.67078
541    -6.67137
542    -6.67238
543    -6.67349
544     -6.6747
545    -6.67536
546    -6.67708
547     -6.6789
548    -6.68081
549    -6.68184
550    -6.68392
551    -6.68641
552    -6.68897
553    -6.69162
554    -6.69303
555    -6.69549
556    -6.69769
557    -6.70092
558    -6.70324
559    -6.70593
560    -6.70867
561    -6.71114
562    -6.71429
563    -6.71682
564    -6.71907
565    -6.72102
566    -6.72396
567    -6.72693
568    -6.72991
569    -6.73226
570    -6.73461
571    -6.73729
572    -6.73998
573    -6.74234
574    -6.74469
575    -6.74768
576    -6.75033
577    -6.75297
578    -6.75462
579    -6.75754
580    -6.76043
581    -6.76331
582     -6.7655
583    -6.76734
584     -6.7698
585    -6.77221
586    -6.77556
587     -6.7779
588    -6.78085
589    -6.78343
590    -6.78564
591    -6.78715
592     -6.7896
593    -6.79037
594    -6.79207
595    -6.79436
596    -6.79628
597    -6.79847
598    -6.80029
599    -6.80173
600    -6.80279
601    -6.80477
602    -6.80573
603    -6.80728
604     -6.8091
605    -6.81055
606    -6.81129
607    -6.81263
608    -6.81327
609    -6.81419
610    -6.81538
611    -6.81651
612    -6.81921
613    -6.81959
614     -6.8209
615    -6.82183
616    -6.82336
617    -6.82483
618    -6.82626
619    -6.82732
620    -6.82768
621    -6.82863
622    -6.82889
623    -6.82942
624    -6.82991
625    -6.83034
626    -6.83105
627    -6.83138
628    -6.83167
629     -6.8319
630    -6.83209
631    -6.83255
632    -6.83264
633    -6.83203
634    -6.83235
635    -6.83229
636    -6.83283
637    -6.83235
638    -6.83311
639    -6.83285
640    -6.83254
641    -6.83154
642    -6.83145
643    -6.83099
644    -6.82886
645    -6.82895
646    -6.82833
647    -6.82799
648    -6.82759
649    -6.82681
650    -6.82598
651    -6.82478
652    -6.82417
653    -6.82318
654    -6.82213
655    -6.82071
656    -6.81859
657    -6.81674
658    -6.81645
659    -6.81482
660    -6.81345
661    -6.81235
662    -6.81056
663    -6.80903
664     -6.8068
665     -6.8042
666    -6.80252
667    -6.80046
668    -6.79868
669    -6.79653
670    -6.79498
671    -6.79306
672    -6.79078
673    -6.78812
674    -6.78576
675    -6.78401
676    -6.78222
677    -6.78104
678    -6.77821
679    -6.77601
680     -6.7741
681    -6.77184
682    -6.76923
683    -6.76693
684    -6.76461
685    -6.76228
686    -6.75994
687    -6.75824
688    -6.75525
689    -6.75225
690    -6.74957
691    -6.74755
692    -6.74554
693    -6.74353
694    -6.74154
695    -6.73924
696    -6.73663
697    -6.73502
698    -6.73246
699    -6.73025
700    -6.72806
701    -6.72591
702    -6.72313
703    -6.72104
704    -6.71898
705    -6.71663
706    -6.71496
707    -6.71366
708    -6.71174
709    -6.70987
710    -6.70803
711    -6.70623
712    -6.70479
713    -6.70307
714    -6.70138
715    -6.69973
716    -6.69779
717    -6.69588
718    -6.69433
719    -6.69346
720    -6.69229
721     -6.6905
722    -6.68939
723    -6.68734
724    -6.68563
725    -6.68329
726    -6.68195
727    -6.68094
728    -6.67897
729    -6.67767
730    -6.67637
731    -6.67508
732     -6.6738
733    -6.67251
734     -6.6709
735    -6.66929
736    -6.66896
737    -6.66766
738    -6.66602
739     -6.6647
740    -6.66271
741    -6.66136
742    -6.65966
743    -6.65794
744    -6.65653
745    -6.65509
746    -6.65395
747    -6.65246
748    -6.65159
749    -6.65005
750     -6.6488
751    -6.64622
752    -6.64459
753    -6.64293
754    -6.64155
755     -6.6395
756    -6.63709
757     -6.6353
758    -6.63347
759    -6.63193
760     -6.6294
761    -6.62812
762    -6.62617
763    -6.62386
764    -6.62217
765    -6.62012
766    -6.61805
767    -6.61562
768    -6.61382
769    -6.61134
770    -6.60917
771    -6.60697
772    -6.60475
773    -6.60251
774    -6.60026
775    -6.59767
776    -6.59539
777    -6.59343
778    -6.59113
779    -6.58948
780    -6.58686
781    -6.58456
782    -6.58161
783    -6.57964
784    -6.57801
785    -6.57541
786    -6.57315
787    -6.57123
788      -6.569
789     -6.5668
790    -6.56494
791    -6.56279
792    -6.56164
793    -6.55956
794    -6.55783
795    -6.55581
796    -6.55319
797    -6.55191
798    -6.55003
799    -6.54821
800    -6.54611
801    -6.54374
802    -6.54175
803    -6.54015
804    -6.53926
805    -6.53779
806    -6.53736
807    -6.53667
808    -6.53476
809    -6.53325
810    -6.53247
811    -6.53177
812    -6.53082
813    -6.52997
814    -6.52952
815    -6.52851
816    -6.52759
817    -6.52741
818    -6.52797
819    -6.52765
820    -6.52775
821    -6.52794
822    -6.52759
823    -6.52733
824    -6.52749
825    -6.52743
826    -6.52811
827    -6.52889
828    -6.52977
829    -6.53074
830    -6.53181
831    -6.53201
832    -6.53328
833    -6.53496
834    -6.53609
835    -6.53732
836    -6.53928
837    -6.54004
838    -6.54218
839    -6.54377
840    -6.54575
841    -6.54685
842      -6.549
843    -6.55057
844    -6.55286
845    -6.55425
846      -6.557
847    -6.55981
848    -6.56106
849    -6.56334
850    -6.56566
851    -6.56803
852    -6.56979
853    -6.57159
854    -6.57407
855    -6.57755
856    -6.57944
857    -6.58167
858    -6.58424
859    -6.58682
860    -6.58907
861    -6.59166
862    -6.59359
863    -6.59649
864    -6.59906
865    -6.60193
866    -6.60446
867    -6.60729
868    -6.60977
869    -6.61255
870    -6.61529
871    -6.61768
872     -6.6197
873    -6.62136
874     -6.6233
875    -6.62552
876    -6.62769
877    -6.63014
878    -6.63253
879    -6.63455
880    -6.63683
881    -6.63906
882    -6.64091
883    -6.64237
884     -6.6441
885    -6.64576
886    -6.64672
887    -6.64795
888     -6.6491
889    -6.65052
890    -6.65187
891    -6.65349
892    -6.65472
893    -6.65589
894    -6.65699
895    -6.65738
896    -6.65868
897    -6.65862
898    -6.65947
899    -6.66091
900    -6.66196
901    -6.66263
902    -6.66324
903    -6.66379
904    -6.66428
905    -6.66504
906    -6.66574
907    -6.66638
908    -6.66632
909    -6.66621
910    -6.66636
911    -6.66679
912    -6.66684
913    -6.66717
914     -6.6668
915    -6.66704
916    -6.66658
917     -6.6664
918    -6.66585
919    -6.66559
920    -6.66497
921    -6.66463
922    -6.66425
923    -6.66416
924    -6.66404
925    -6.66357
926    -6.66306
927    -6.66188
928    -6.66132
929    -6.66074
930    -6.65981
931    -6.65951
932    -6.65887
933    -6.65853
934    -6.65786
935    -6.65717
936    -6.65647
937    -6.65544
938    -6.65439
939    -6.65432
940    -6.65391
941    -6.65285
942     -6.6518
943    -6.65074
944    -6.65033
945    -6.64959
946    -6.64951
947    -6.64782
948    -6.64742
949    -6.64639
950    -6.64601
951      -6.645
952    -6.64464
953    -6.64235
954    -6.64168
955    -6.64039
956    -6.63974
957    -6.63879
958    -6.63817
959    -6.63789
960    -6.63696
961    -6.63606
962    -6.63516
963    -6.63363
964    -6.63276
965    -6.63222
966    -6.63266
967    -6.63247
968    -6.63196
969    -6.63179
970    -6.63162
971    -6.63179
972      -6.631
973    -6.63022
974    -6.63009
975    -6.63029
976    -6.63017
977    -6.62942
978    -6.62899
979    -6.62825
980    -6.62816
981    -6.62775
982    -6.62734
983    -6.62662
984    -6.62558
985    -6.62487
986    -6.62416
987    -6.62346
988    -6.62309
989    -6.62273
990    -6.62269
991    -6.62169
992    -6.62102
993    -6.62036
994    -6.61938
995    -6.61938
996    -6.61875
997    -6.61845
998    -6.61848
999    -6.61788
1000    -6.61793
1001    -6.61735
1002    -6.61744
1003    -6.61688
1004    -6.61635
1005    -6.61648
1006    -6.61663
1007    -6.61615
1008    -6.61601
1009    -6.61558
1010    -6.61484
1011    -6.61445
1012    -6.61441
1013    -6.61407
1014    -6.61441
1015    -6.61478
1016     -6.6142
1017    -6.61496
1018    -6.61607
1019    -6.61625
1020    -6.61679
1021    -6.61737
1022    -6.61831
1023    -6.61864
1024    -6.61901
1025    -6.61942
1026    -6.61956
1027    -6.62006
1028    -6.62125
1029    -6.62184
1030     -6.6228
1031    -6.62347
1032    -6.62354
1033    -6.62431
1034    -6.62479
1035    -6.62596
1036    -6.62685
1037    -6.62842
1038    -6.62971
1039    -6.63137
1040    -6.63273
1041    -6.63348
1042    -6.63492
1043    -6.63605
1044    -6.63722
1045    -6.63906
1046    -6.64092
1047    -6.64247
1048    -6.64405
1049    -6.64596
1050    -6.64788
1051    -6.64852
1052    -6.65013
1053    -6.65174
1054    -6.65238
1055    -6.65334
1056    -6.65429
1057    -6.65523
1058    -6.65679
1059    -6.65737
1060    -6.65857
1061    -6.65975
1062    -6.66122
1063    -6.66201
1064    -6.66277
1065    -6.66381
1066    -6.66448
1067    -6.66479
1068    -6.66602
1069    -6.66688
1070    -6.66865
1071    -6.66972
1072    -6.67041
1073    -6.67072
1074    -6.67032
1075    -6.67018
1076    -6.67062
1077    -6.67067
1078    -6.67195
1079    -6.67186
1080    -6.67235
1081    -6.67245
1082    -6.67311
1083    -6.67274
1084    -6.67196
1085    -6.67176
1086    -6.67181
1087    -6.67178
1088    -6.67168
1089    -6.67053
1090    -6.66995
1091    -6.66929
1092    -6.66856
1093    -6.66744
1094    -6.66656
1095    -6.66528
1096     -6.6649
1097     -6.6638
1098    -6.66264
1099    -6.66173
1100    -6.66108
1101    -6.65939
1102    -6.65894
1103    -6.65777
1104     -6.6559
1105    -6.65364
1106    -6.65166
1107    -6.64994
1108     -6.6485
1109    -6.64572
1110    -6.64354
1111    -6.64196
1112    -6.64034
1113    -6.63837
1114    -6.63636
1115    -6.63401
1116    -6.63162
1117    -6.62954
1118    -6.62712
1119      -6.625
1120     -6.6232
1121    -6.62106
1122    -6.61925
1123    -6.61711
1124    -6.61498
1125    -6.61318
1126    -6.61172
1127    -6.60898
1128    -6.60626
1129     -6.6039
1130    -6.60156
1131    -6.59959
1132    -6.59765
1133    -6.59544
1134     -6.5936
1135    -6.59181
1136     -6.5904
1137     -6.5897
1138    -6.58842
1139    -6.58688
1140    -6.58542
1141    -6.58468
1142    -6.58337
1143    -6.58247
1144    -6.58069
1145    -6.57965
1146    -6.57902
1147    -6.57784
1148    -6.57774
1149    -6.57741
1150    -6.57687
1151    -6.57611
1152    -6.57513
1153    -6.57491
1154    -6.57481
1155    -6.57514
1156    -6.57527
1157    -6.57518
1158    -6.57586
1159    -6.57601
1160    -6.57661
1161    -6.57731
1162    -6.57814
1163    -6.57908
1164    -6.58014
1165    -6.58164
1166    -6.58325
1167    -6.58433
1168    -6.58649
1169    -6.58844
1170    -6.59114
1171    -6.59297
1172    -6.59426
1173     -6.5963
1174    -6.59844
1175    -6.60067
1176    -6.60267
1177    -6.60573
1178     -6.6079
1179    -6.61048
1180    -6.61313
1181    -6.61554
1182    -6.61833
1183    -6.62184
1184    -6.62509
1185    -6.62742
1186    -6.63077
1187    -6.63288
1188      -6.636
1189    -6.63916
1190    -6.64203
1191    -6.64494
1192    -6.64819
1193    -6.65178
1194    -6.65506
1195    -6.65868
1196    -6.66198
1197    -6.66561
1198    -6.66923
1199    -6.67317
1200    -6.67613
1201    -6.67907
1202    -6.68263
1203    -6.68585
1204    -6.68904
1205    -6.69154
1206    -6.69498
1207    -6.69773
1208    -6.70076
1209    -6.70406
1210    -6.70666
1211    -6.70985
1212    -6.71233
1213    -6.71507
1214    -6.71774
1215    -6.72034
1216    -6.72319
1217    -6.72531
1218    -6.72736
1219    -6.72965
1220     -6.7325
1221    -6.73462
1222    -6.73665
1223    -6.73923
1224     -6.7414
1225    -6.74348
1226    -6.74546
1227     -6.7467
1228    -6.74817
1229    -6.74954
1230    -6.75082
1231      -6.752
1232    -6.75308
1233    -6.75407
1234    -6.75496
1235    -6.75705
1236     -6.7584
1237    -6.75869
1238    -6.75953
1239    -6.75995
1240    -6.76029
1241    -6.76086
1242      -6.762
1243    -6.76208
1244    -6.76176
1245    -6.76234
1246    -6.76187
1247    -6.76198
1248     -6.7617
1249      -6.762
1250     -6.7616
1251    -6.76276
1252    -6.76193
1253     -6.7617
1254     -6.7611
1255    -6.76079
1256    -6.76044
1257    -6.76038
1258    -6.75965
1259    -6.75857
1260    -6.75845
1261    -6.75831
1262    -6.75785
1263    -6.75576
1264    -6.75528
1265    -6.75514
1266    -6.75501
1267     -6.7536
1268    -6.75252
1269    -6.75114
1270    -6.75076
1271    -6.74976
1272    -6.74911
1273    -6.74946
1274    -6.74985
1275     -6.7477
1276    -6.74656
1277    -6.74643
1278    -6.74571
1279    -6.74504
1280    -6.74443
1281    -6.74419
1282    -6.74337
1283    -6.74358
1284    -6.74384
1285    -6.74256
1286    -6.74263
1287    -6.74243
1288    -6.74296
1289    -6.74322
1290    -6.74387
1291    -6.74459
1292    -6.74505
1293    -6.74558
1294    -6.74649
1295    -6.74746
1296    -6.74818
1297     -6.7496
1298    -6.74882
1299    -6.74842
1300     -6.7497
1301    -6.75136
1302     -6.7521
1303    -6.75289
1304    -6.75438
1305    -6.75429
1306    -6.75554
1307    -6.75682
1308    -6.75814
1309    -6.75981
1310    -6.76217
1311    -6.76357
1312    -6.76435
1313    -6.76612
1314    -6.76725
1315    -6.76871
1316    -6.77017
1317    -6.77067
1318    -6.77213
1319    -6.77358
1320    -6.77438
1321    -6.77581
1322    -6.77786
1323    -6.77989
1324    -6.78124
1325    -6.78224
1326    -6.78353
1327    -6.78542
1328    -6.78597
1329     -6.7868
1330     -6.7879
1331    -6.78895
1332    -6.78994
1333     -6.7899
1334    -6.79044
1335    -6.79092
1336    -6.79165
1337    -6.79263
1338    -6.79322
1339    -6.79275
1340    -6.79318
1341     -6.7945
1342    -6.79477
1343    -6.79495
1344    -6.79472
1345    -6.79473
1346    -6.79433
1347    -6.79417
1348    -6.79423
1349    -6.79389
1350    -6.79377
1351    -6.79324
1352    -6.79294
1353    -6.79223
1354     -6.7911
1355    -6.78988
1356    -6.78921
1357    -6.78812
1358    -6.78727
1359    -6.78632
1360    -6.78496
1361    -6.78351
1362    -6.78197
1363    -6.78035
1364    -6.77896
1365    -6.77749
1366    -6.77594
1367    -6.77397
1368    -6.77193
1369    -6.77014
1370    -6.76826
1371    -6.76599
1372    -6.76299
1373    -6.76024
1374    -6.75775
1375    -6.75486
1376    -6.75158
1377    -6.74888
1378    -6.74644
1379    -6.74362
1380    -6.74074
1381     -6.7378
1382    -6.73416
1383    -6.73111
1384    -6.72867
1385    -6.72553
1386    -6.72267
1387    -6.71944
1388    -6.71552
1389    -6.71189
1390    -6.70919
1391    -6.70581
1392    -6.70176
1393    -6.69864
1394    -6.69453
1395    -6.69072
1396    -6.68623
1397    -6.68303
1398    -6.67948
1399    -6.67657
1400    -6.67267
1401    -6.66909
1402    -6.66517
1403    -6.66093
1404    -6.65766
1405    -6.65373
1406    -6.65014
1407    -6.64654
1408    -6.64263
1409    -6.63905
1410    -6.63516
1411    -6.63193
1412    -6.62807
1413    -6.62487
1414    -6.62105
1415    -6.61725
1416    -6.61347
1417    -6.61005
1418    -6.60666
1419    -6.60297
1420      -6.599
1421    -6.59538
1422    -6.59213
1423     -6.5886
1424    -6.58544
1425    -6.58167
1426     -6.5786
1427    -6.57558
1428    -6.57262
1429    -6.56938
1430    -6.56588
1431    -6.56276
1432    -6.56035
1433    -6.55736
1434    -6.55508
1435    -6.55287
1436    -6.54976
1437    -6.54834
1438    -6.54602
1439    -6.54379
1440    -6.54163
1441    -6.53987
1442    -6.53787
1443    -6.53628
1444    -6.53412
1445    -6.53238
1446    -6.53041
1447    -6.52917
1448    -6.52834
1449    -6.52761
1450    -6.52633
1451    -6.52546
1452    -6.52405
1453    -6.52273
1454    -6.52183
1455    -6.52103
1456    -6.52032
1457    -6.52004
1458    -6.51921
1459    -6.51913
1460    -6.51883
1461    -6.51862
1462    -6.51818
1463     -6.5185
1464    -6.51858
1465    -6.51876
1466    -6.51904
1467    -6.51942
1468    -6.51989
1469    -6.52045
1470    -6.52142
1471    -6.52249
1472    -6.52332
1473    -6.52424
1474    -6.52557
1475    -6.52796
1476    -6.52848
1477    -6.52974
1478    -6.53075
1479    -6.53216
1480    -6.53333
1481    -6.53586
1482    -6.53749
1483    -6.53919
1484    -6.54031
1485    -6.54279
1486    -6.54468
1487    -6.54631
1488    -6.54865
1489    -6.55039
1490    -6.55252
1491    -6.55436
1492    -6.55659
1493    -6.55918
1494    -6.56214
1495    -6.56418
1496    -6.56594
1497    -6.56903
1498    -6.57151
1499     -6.5737
1500     -6.5769
1501    -6.57884
1502    -6.58178
1503    -6.58442
1504     -6.5871
1505    -6.59012
1506    -6.59219
1507    -6.59494
1508    -6.59673
1509    -6.59952
1510    -6.60361
1511    -6.60643
1512    -6.60959
1513    -6.61276
1514     -6.6153
1515    -6.61849
1516    -6.62104
1517    -6.62424
1518     -6.6268
1519       -6.63
1520    -6.63288
1521    -6.63512
1522    -6.63767
1523    -6.64021
1524    -6.64275
1525     -6.6456
1526    -6.64844
1527    -6.65061
1528    -6.65341
1529    -6.65652
1530    -6.65928
1531    -6.66201
1532    -6.66439
1533    -6.66771
1534    -6.67003
1535    -6.67232
1536    -6.67456
1537    -6.67709
1538    -6.67893
1539    -6.68105
1540    -6.68345
1541    -6.68644
1542    -6.68744
1543       -6.69
1544    -6.69186
1545    -6.69334
1546    -6.69509
1547     -6.6971
1548    -6.69904
1549    -6.70059
1550     -6.7024
1551    -6.70414
1552    -6.70614
1553    -6.70806
1554    -6.70927
1555     -6.7104
1556    -6.71145
1557    -6.71275
1558     -6.7143
1559    -6.71576
1560    -6.71617
1561    -6.71748
1562     -6.7187
1563    -6.71919
1564    -6.71993
1565    -6.72057
1566    -6.72146
1567    -6.72195
1568    -6.72235
1569    -6.72234
1570    -6.72257
1571    -6.72271
1572    -6.72278
1573    -6.72243
1574    -6.72266
1575     -6.7228
1576    -6.72383
1577    -6.72317
1578    -6.72307
1579    -6.72257
1580    -6.72232
1581    -6.72102
1582    -6.72029
1583    -6.71981
1584    -6.72088
1585    -6.71993
1586    -6.71892
1587    -6.71784
1588     -6.7167
1589    -6.71581
1590    -6.71583
1591     -6.7145
1592    -6.71214
1593    -6.71166
1594    -6.70984
1595    -6.70862
1596    -6.70669
1597    -6.70473
1598    -6.70336
1599    -6.70163
1600    -6.69985
1601    -6.69837
1602    -6.69685
1603    -6.69529
1604    -6.69338
1605    -6.69177
1606    -6.68981
1607    -6.68782
1608    -6.68582
1609    -6.68413
1610    -6.68145
1611    -6.68006
1612    -6.67737
1613    -6.67565
1614    -6.67393
1615    -6.67253
1616    -6.66985
1617    -6.66782
1618    -6.66549
1619    -6.66381
1620     -6.6615
1621    -6.65921
1622    -6.65694
1623    -6.65501
1624    -6.65344
1625    -6.65125
1626    -6.64973
1627     -6.6476
1628    -6.64616
1629    -6.64508
1630    -6.64371
1631    -6.64272
1632    -6.64144
1633    -6.63989
1634     -6.6384
1635    -6.63695
1636    -6.63588
1637    -6.63358
1638    -6.63231
1639     -6.6311
1640    -6.62995
1641    -6.62919
1642    -6.62818
1643    -6.62659
1644    -6.62572
1645    -6.62459
1646    -6.62354
1647    -6.62257
1648      -6.622
1649    -6.62182
1650    -6.62108
1651    -6.62075
1652    -6.62114
1653    -6.62161
1654    -6.62152
1655    -6.62183
1656     -6.6219
1657    -6.62238
1658    -6.62294
1659     -6.6239
1660    -6.62431
1661    -6.62479
1662      -6.626
1663    -6.62664
1664    -6.62768
1665    -6.62815
1666     -6.6287
1667    -6.62965
1668    -6.63099
1669    -6.63239
1670    -6.63258
1671    -6.63412
1672     -6.6354
1673    -6.63674
1674    -6.63781
1675    -6.63927
1676    -6.64174
1677     -6.6433
1678     -6.6449
1679    -6.64686
1680    -6.64821
1681     -6.6496
1682    -6.65134
1683    -6.65344
1684    -6.65491
1685    -6.65704
1686    -6.65855
1687    -6.66071
1688    -6.66256
1689    -6.66442
1690    -6.66659
1691    -6.66812
1692    -6.67094
1693    -6.67278
1694    -6.67428
1695    -6.67674
1696    -6.67821
1697    -6.67933
1698    -6.68075
1699    -6.68247
1700    -6.68383
1701    -6.68548
1702    -6.68677
1703    -6.68834
1704    -6.68923
1705    -6.69072
1706    -6.69151
1707    -6.69291
1708    -6.69361
1709    -6.69427
1710    -6.69616
1711    -6.69736
1712     -6.6985
1713    -6.69959
1714    -6.70062
1715    -6.70128
1716    -6.70123
1717    -6.70209
1718     -6.7029
1719    -6.70397
1720    -6.70434
1721    -6.70466
1722    -6.70525
1723    -6.70578
1724    -6.70625
1725    -6.70668
1726    -6.70738
1727    -6.70802
1728     -6.7083
1729     -6.7082
1730    -6.70838
1731    -6.70819
1732    -6.70796
1733    -6.70801
1734    -6.70803
1735    -6.70703
1736    -6.70664
1737    -6.70622
1738    -6.70642
1739    -6.70594
1740     -6.7064
1741    -6.70683
1742    -6.70627
1743    -6.70601
1744     -6.7054
1745    -6.70477
1746    -6.70412
1747    -6.70379
1748    -6.70311
1749    -6.70242
1750    -6.70139
1751    -6.70133
1752    -6.69996
1753    -6.69923
1754    -6.69817
1755    -6.69775
1756    -6.69701
1757    -6.69659
1758    -6.69648
1759    -6.69638
1760    -6.69596
1761    -6.69553
1762    -6.69575
1763    -6.69565
1764    -6.69555
1765    -6.69545
1766    -6.69535
1767    -6.69526
1768    -6.69485
1769    -6.69477
1770    -6.69502
1771    -6.69495
1772     -6.6952
1773    -6.69481
1774    -6.69443
1775    -6.69437
1776    -6.69431
1777    -6.69362
1778    -6.69325
1779     -6.6932
1780    -6.69284
1781    -6.69215
1782    -6.69179
1783    -6.69176
1784    -6.69173
1785    -6.69105
1786    -6.69038
1787    -6.69035
1788    -6.68968
1789    -6.68933
1790    -6.68931
1791    -6.68896
1792    -6.68829
1793    -6.68794
1794    -6.68857
1795    -6.68855
1796    -6.68852
1797    -6.68817
1798    -6.68685
1799    -6.68617
1800    -6.68582
1801    -6.68578
1802    -6.68575
1803    -6.68538
1804    -6.68469
1805    -6.68432
1806    -6.68362
1807    -6.68259
1808    -6.68188
1809    -6.68181
1810    -6.68109
1811    -6.68069
1812    -6.68093
1813    -6.68052
1814    -6.68041
1815    -6.67966
1816    -6.67922
1817    -6.68006
1818    -6.67993
1819    -6.67914
1820    -6.67866
1821    -6.67785
1822    -6.67767
1823    -6.67748
1824    -6.67728
1825    -6.67642
1826    -6.67619
1827    -6.67626
1828    -6.67568
1829     -6.6754
1830    -6.67511
1831     -6.6735
1832    -6.67252
1833    -6.67185
1834    -6.67148
1835    -6.67109
1836    -6.67036
1837    -6.66993
1838    -6.66883
1839    -6.66835
1840    -6.66688
1841    -6.66668
1842    -6.66452
1843     -6.6633
1844    -6.66173
1845    -6.66046
1846    -6.65948
1847    -6.65816
1848    -6.65713
1849    -6.65607
1850    -6.65466
1851    -6.65323
1852    -6.65176
1853    -6.65092
1854    -6.64972
1855    -6.64817
1856    -6.64594
1857    -6.64434
1858    -6.64368
1859    -6.64234
1860    -6.64033
1861    -6.63797
1862     -6.6372
1863    -6.63576
1864    -6.63429
1865     -6.6328
1866    -6.63129
1867    -6.63007
1868    -6.62852
1869    -6.62662
1870    -6.62535
1871    -6.62406
1872    -6.62276
1873     -6.6208
1874    -6.61915
1875    -6.61717
1876     -6.6155
1877    -6.61382
1878    -6.61215
1879    -6.61079
1880    -6.60912
1881    -6.60712
1882    -6.60577
1883    -6.60379
1884    -6.60215
1885    -6.60052
1886    -6.59923
1887    -6.59829
1888    -6.59672
1889     -6.5955
1890    -6.59398
1891     -6.5925
1892    -6.59072
1893    -6.58899
1894    -6.58826
1895    -6.58726
1896    -6.58631
1897     -6.5854
1898    -6.58487
1899    -6.58343
1900    -6.58301
1901    -6.58233
1902    -6.58139
1903    -6.57987
1904    -6.57939
1905    -6.57865
1906    -6.57799
1907    -6.57707
1908    -6.57655
1909    -6.57612
1910    -6.57511
1911    -6.57484
1912    -6.57367
1913    -6.57323
1914    -6.57256
1915    -6.57229
1916    -6.57242
1917    -6.57264
1918    -6.57327
1919    -6.57333
1920    -6.57347
1921    -6.57434
1922    -6.57497
1923    -6.57697
1924    -6.57776
1925    -6.57831
1926    -6.57957
1927    -6.58059
1928    -6.58136
1929    -6.58317
1930    -6.58472
1931    -6.58568
1932    -6.58704
1933    -6.58813
1934     -6.5896
1935    -6.59177
1936    -6.59301
1937    -6.59463
1938    -6.59629
1939    -6.59832
1940    -6.59973
1941    -6.60117
1942    -6.60297
1943    -6.60479
1944    -6.60598
1945    -6.60784
1946    -6.61036
1947    -6.61256
1948    -6.61379
1949    -6.61536
1950    -6.61691
1951    -6.61814
1952       -6.62
1953    -6.62217
1954      -6.624
1955     -6.6258
1956    -6.62758
1957    -6.62932
1958    -6.63103
1959    -6.63303
1960    -6.63466
1961    -6.63625
1962    -6.63779
1963    -6.63961
1964    -6.64137
1965    -6.64276
1966    -6.64474
1967    -6.64569
1968    -6.64691
1969    -6.64773
1970    -6.64882
1971    -6.65049
1972    -6.65113
1973     -6.6517
1974     -6.6522
1975     -6.6536
1976    -6.65397
1977    -6.65395
1978    -6.65452
1979    -6.65534
1980    -6.65578
1981    -6.65648
1982     -6.6568
1983    -6.65641
1984    -6.65694
1985    -6.65677
1986     -6.6572
1987    -6.65694
1988    -6.65696
1989    -6.65661
1990    -6.65623
1991    -6.65614
1992    -6.65602
1993    -6.65588
1994    -6.65572
1995    -6.65554
1996    -6.65535
1997    -6.65515
1998    -6.65592
1999    -6.65539
2000    -6.65456
2001     -6.6547
2002    -6.65453
2003    -6.65406
2004    -6.65329
2005    -6.65288
2006    -6.65217
2007    -6.65247
2008    -6.65248
2009    -6.65253
2010    -6.65231
2011     -6.6531
2012     -6.6533
2013    -6.65259
2014     -6.6529
2015    -6.65327
2016    -6.65403
2017    -6.65517
2018    -6.65638
2019      -6.657
2020    -6.65704
2021    -6.65683
2022    -6.65766
2023     -6.6592
2024    -6.66016
2025    -6.66152
2026    -6.66196
2027    -6.66248
2028    -6.66338
2029    -6.66402
2030     -6.6657
2031     -6.6671
2032    -6.66922
2033    -6.67074
2034    -6.67296
2035     -6.6749
2036    -6.67657
2037    -6.67763
2038    -6.68003
2039     -6.6815
2040    -6.68397
2041     -6.6868
2042    -6.68901
2043    -6.69125
2044    -6.69351
2045    -6.69546
2046    -6.69743
2047    -6.69974
2048    -6.70205
2049    -6.70373
2050    -6.70605
2051    -6.70804
2052    -6.71003
2053    -6.71136
2054    -6.71301
2055    -6.71528
2056    -6.71689
2057     -6.7188
2058    -6.72101
2059     -6.7232
2060    -6.72535
2061    -6.72747
2062    -6.72988
2063    -6.73225
2064    -6.73394
2065    -6.73525
2066    -6.73717
2067     -6.7384
2068    -6.74022
2069    -6.74102
2070    -6.74305
2071    -6.74439
2072    -6.74632
2073    -6.74754
2074    -6.74838
2075    -6.74948
2076     -6.7502
2077    -6.75085
2078    -6.75144
2079    -6.75229
2080    -6.75307
2081    -6.75378
2082    -6.75442
2083    -6.75532
2084    -6.75582
2085    -6.75626
2086    -6.75662
2087    -6.75691
2088     -6.7568
2089    -6.75662
2090    -6.75669
2091    -6.75669
2092    -6.75597
2093    -6.75583
2094    -6.75529
2095    -6.75435
2096    -6.75367
2097    -6.75356
2098    -6.75306
2099     -6.7525
2100    -6.75186
2101    -6.75115
2102    -6.75135
2103     -6.7505
2104     -6.7496
2105    -6.74862
2106    -6.74693
2107    -6.74518
2108    -6.74401
2109     -6.7431
2110    -6.74213
2111    -6.74045
2112    -6.73936
2113    -6.73724
2114    -6.73604
2115    -6.73445
2116    -6.73249
2117     -6.7308
2118    -6.72874
2119    -6.72663
2120    -6.72545
2121    -6.72357
2122    -6.72166
2123    -6.71905
2124    -6.71738
2125     -6.7147
2126    -6.71295
2127    -6.71085
2128    -6.70904
2129    -6.70721
2130    -6.70438
2131    -6.70282
2132    -6.69995
2133    -6.69772
2134     -6.6958
2135    -6.69387
2136    -6.69193
2137    -6.68967
2138     -6.6874
2139     -6.6845
2140    -6.68192
2141    -6.68001
2142    -6.67811
2143    -6.67493
2144    -6.67275
2145    -6.67092
2146    -6.66977
2147    -6.66703
2148    -6.66498
2149    -6.66264
2150      -6.661
2151    -6.65941
2152    -6.65787
2153    -6.65542
2154    -6.65302
2155    -6.65166
2156    -6.64973
2157    -6.64786
2158    -6.64671
2159    -6.64564
2160    -6.64433
2161     -6.6431
2162     -6.6426
2163    -6.64154
2164    -6.64122
2165    -6.64067
2166    -6.63988
2167    -6.63919
2168    -6.63826
2169    -6.63647
2170    -6.63639
2171    -6.63609
2172    -6.63588
2173    -6.63577
2174    -6.63543
2175    -6.63584
2176    -6.63634
2177    -6.63662
2178    -6.63731
2179     -6.6381
2180    -6.63865
2181    -6.63994
2182    -6.64068
2183    -6.64149
2184    -6.64303
2185    -6.64336
2186    -6.64345
2187    -6.64458
2188    -6.64643
2189     -6.6477
2190    -6.64871
2191     -6.6501
2192    -6.65188
2193    -6.65305
2194    -6.65428
2195    -6.65619
2196     -6.6575
2197    -6.65949
2198    -6.66183
2199     -6.6629
2200    -6.66464
2201    -6.66639
2202    -6.66881
2203    -6.67026
2204    -6.67203
2205    -6.67348
2206    -6.67589
2207    -6.67763
2208    -6.67806
2209    -6.67977
2210    -6.68112
2211    -6.68276
2212    -6.68436
2213    -6.68592
2214    -6.68841
2215    -6.68987
2216    -6.69225
2217    -6.69296
2218     -6.6949
2219    -6.69612
2220    -6.69695
2221    -6.69803
2222    -6.69936
2223    -6.70094
2224    -6.70179
2225    -6.70256
2226    -6.70292
2227    -6.70351
2228    -6.70531
2229    -6.70573
2230    -6.70605
2231    -6.70596
2232     -6.7061
2233    -6.70679
2234    -6.70675
2235    -6.70661
2236    -6.70638
2237    -6.70638
2238    -6.70565
2239    -6.70515
2240    -6.70391
2241    -6.70292
2242    -6.70184
2243    -6.70069
2244    -6.69946
2245    -6.69783
2246    -6.69613
2247    -6.69565
2248    -6.69512
2249    -6.69387
2250    -6.69257
2251    -6.69122
2252    -6.69014
2253    -6.68869
2254    -6.68655
2255     -6.6847
2256    -6.68315
2257    -6.68188
2258    -6.67962
2259    -6.67766
2260    -6.67697
2261     -6.6753
2262     -6.6733
2263    -6.67161
2264    -6.66895
2265    -6.66791
2266     -6.6659
2267    -6.66422
2268    -6.66255
2269    -6.66185
2270    -6.66053
2271    -6.65857
2272    -6.65695
2273    -6.65535
2274    -6.65442
2275    -6.65221
2276    -6.65099
2277    -6.65013
2278    -6.64897
2279     -6.6475
2280    -6.64574
2281      -6.644
2282    -6.64228
2283    -6.64091
2284    -6.63892
2285    -6.63727
2286    -6.63629
2287    -6.63631
2288    -6.63441
2289    -6.63318
2290    -6.63165
2291    -6.63014
2292    -6.62897
2293    -6.62846
2294    -6.62765
2295    -6.62588
2296    -6.62445
2297    -6.62336
2298    -6.62163
2299    -6.62057
2300    -6.61918
2301    -6.61846
2302     -6.6171
2303    -6.61574
2304    -6.61439
2305     -6.6137
2306    -6.61301
2307      -6.612
2308    -6.61067
2309    -6.60935
2310     -6.6077
2311    -6.60768
2312    -6.60701
2313    -6.60569
2314     -6.6047
2315    -6.60403
2316    -6.60337
2317     -6.6027
2318    -6.60203
2319    -6.60103
2320    -6.60101
2321    -6.60002
2322     -6.5987
2323     -6.5977
2324     -6.5967
2325    -6.59537
2326    -6.59405
2327    -6.59305
2328    -6.59204
2329    -6.59072
2330    -6.59004
2331    -6.58936
2332    -6.58868
2333    -6.58767
2334    -6.58538
2335    -6.58406
2336    -6.58306
2337    -6.58207
2338     -6.5814
2339    -6.58074
2340    -6.57944
2341    -6.57814
2342    -6.57717
2343    -6.57654
2344    -6.57526
2345    -6.57496
2346    -6.57435
2347    -6.57343
2348     -6.5722
2349    -6.57098
2350    -6.57042
2351    -6.56891
2352    -6.56741
2353    -6.56658
2354    -6.56577
2355     -6.5653
2356    -6.56485
2357    -6.56378
2358    -6.56209
2359    -6.56139
2360    -6.56072
2361    -6.56008
2362    -6.55915
2363    -6.55824
2364    -6.55705
2365    -6.55719
2366    -6.55704
2367     -6.5566
2368    -6.55588
2369     -6.5552
2370    -6.55554
2371    -6.55527
2372    -6.55504
2373    -6.55551
2374    -6.55473
2375      -6.554
2376     -6.5543
2377      -6.554
2378    -6.55408
2379    -6.55453
2380    -6.55537
2381    -6.55529
2382    -6.55526
2383    -6.55595
2384    -6.55702
2385    -6.55782
2386    -6.55804
2387    -6.55929
2388    -6.55963
2389    -6.56132
2390    -6.56178
2391    -6.56263
2392    -6.56353
2393     -6.5645
2394    -6.56487
2395    -6.56596
2396     -6.5671
2397    -6.56862
2398    -6.56923
2399    -6.57119
2400    -6.57256
2401    -6.57366
2402    -6.57449
2403    -6.57698
2404    -6.57855
2405    -6.57984
2406    -6.58182
2407     -6.5832
2408    -6.58558
2409    -6.58768
2410    -6.58949
2411    -6.59133
2412     -6.5932
2413    -6.59509
2414    -6.59636
2415     -6.5983
2416    -6.59897
2417    -6.60127
2418    -6.60326
2419    -6.60493
2420    -6.60726
2421    -6.60926
2422    -6.61127
2423    -6.61328
2424    -6.61496
2425    -6.61663
2426    -6.61927
2427    -6.62092
2428    -6.62289
2429    -6.62451
2430    -6.62644
2431    -6.62835
2432    -6.63023
2433    -6.63209
2434    -6.63457
2435    -6.63573
2436    -6.63751
2437    -6.63958
2438    -6.64161
2439    -6.64329
2440    -6.64557
2441    -6.64685
2442    -6.64906
2443    -6.65091
2444    -6.65272
2445    -6.65351
2446    -6.65523
2447    -6.65627
2448     -6.6579
2449    -6.65949
2450    -6.66104
2451    -6.66222
2452    -6.66303
2453    -6.66444
2454    -6.66548
2455    -6.66647
2456    -6.66709
2457    -6.66799
2458    -6.66852
2459    -6.66998
2460    -6.67139
2461    -6.67211
2462    -6.67279
2463    -6.67374
2464    -6.67465
2465    -6.67519
2466    -6.67537
2467    -6.67582
2468    -6.67688
2469    -6.67693
2470    -6.67694
2471    -6.67755
2472    -6.67748
2473    -6.67769
2474    -6.67787
2475    -6.67736
2476    -6.67778
2477    -6.67817
2478    -6.67819
2479    -6.67851
2480    -6.67911
2481    -6.67936
2482    -6.67925
2483    -6.67943
2484    -6.67991
2485    -6.68003
2486    -6.67914
2487    -6.67791
2488    -6.67697
2489    -6.67729
2490    -6.67694
2491    -6.67722
2492    -6.67714
2493    -6.67638
2494    -6.67593
2495    -6.67545
2496    -6.67527
2497    -6.67377
2498    -6.67257
2499    -6.67199
2500     -6.6714
2501    -6.67046
2502    -6.67015
2503     -6.6695
2504    -6.66851
2505     -6.6675
2506    -6.66712
2507    -6.66641
2508    -6.66601
2509     -6.6643
2510    -6.66323
2511     -6.6628
2512     -6.6614
2513    -6.66031
2514    -6.65955
2515    -6.65879
2516    -6.65834
2517    -6.65791
2518    -6.65747
2519     -6.6564
2520    -6.65566
2521    -6.65525
2522    -6.65389
2523    -6.65351
2524     -6.6525
2525    -6.65184
2526    -6.65087
2527    -6.65058
2528    -6.64966
2529     -6.6504
2530    -6.64986
2531    -6.64904
2532    -6.64858
2533    -6.64815
2534    -6.64873
2535    -6.64871
2536    -6.64743
2537    -6.64717
2538    -6.64696
2539    -6.64647
2540    -6.64667
2541    -6.64661
2542     -6.6466
2543    -6.64728
2544     -6.6477
2545     -6.6485
2546    -6.64871
2547    -6.64866
2548    -6.64899
2549    -6.64969
2550    -6.64917
2551    -6.64967
2552    -6.65024
2553    -6.65151
2554    -6.65188
2555    -6.65198
2556    -6.65278
2557    -6.65332
2558    -6.65457
2559    -6.65588
2560     -6.6566
2561    -6.65802
2562    -6.65918
2563    -6.66072
2564    -6.66199
2565    -6.66298
2566    -6.66435
2567    -6.66545
2568     -6.6666
2569    -6.66844
2570    -6.66968
2571    -6.67033
2572    -6.67199
2573    -6.67337
2574    -6.67609
2575     -6.6782
2576     -6.6797
2577    -6.68156
2578    -6.68314
2579    -6.68508
2580    -6.68706
2581    -6.68874
2582     -6.6911
2583    -6.69349
2584    -6.69558
2585     -6.6977
2586    -6.70082
2587      -6.703
2588    -6.70487
2589    -6.70742
2590    -6.70966
2591    -6.71289
2592    -6.71485
2593    -6.71714
2594    -6.71978
2595    -6.72211
2596    -6.72607
2597    -6.72811
2598     -6.7308
2599    -6.73317
2600    -6.73556
2601     -6.7386
2602    -6.74132
2603    -6.74307
2604    -6.74547
2605    -6.74851
2606    -6.75059
2607     -6.7533
2608    -6.75569
2609    -6.75709
2610    -6.75913
2611    -6.76148
2612     -6.7635
2613    -6.76614
2614    -6.76876
2615    -6.77168
2616    -6.77329
2617    -6.77616
2618    -6.77868
2619    -6.78052
2620    -6.78264
2621    -6.78441
2622    -6.78677
2623    -6.78813
2624    -6.79008
2625     -6.7923
2626    -6.79383
2627    -6.79529
2628    -6.79702
2629    -6.79869
2630    -6.80061
2631    -6.80214
2632    -6.80392
2633    -6.80498
2634     -6.8066
2635    -6.80782
2636    -6.80895
2637    -6.80935
2638    -6.81096
2639    -6.81216
2640    -6.81261
2641    -6.81297
2642    -6.81258
2643    -6.81371
2644    -6.81376
2645    -6.81339
2646    -6.81356
2647    -6.81329
2648    -6.81356
2649    -6.81308
2650    -6.81281
2651    -6.81177
2652    -6.81062
2653    -6.81001
2654    -6.80896
2655    -6.80843
2656    -6.80714
2657    -6.80606
2658    -6.80422
2659    -6.80193
2660    -6.80018
2661    -6.79832
2662    -6.79569
2663    -6.79424
2664    -6.79236
2665    -6.79102
2666    -6.78956
2667    -6.78768
2668    -6.78569
2669    -6.78392
2670     -6.7814
2671    -6.77943
2672    -6.77736
2673    -6.77455
2674    -6.77165
2675    -6.76801
2676    -6.76428
2677    -6.76079
2678    -6.75787
2679    -6.75487
2680     -6.7518
2681    -6.74834
2682    -6.74448
2683    -6.74088
2684     -6.7369
2685    -6.73383
2686    -6.72974
2687    -6.72592
2688    -6.72141
2689    -6.71815
2690    -6.71421
2691    -6.70959
2692    -6.70527
2693    -6.70059
2694    -6.69622
2695    -6.69216
2696    -6.68873
2697    -6.68465
2698    -6.68154
2699    -6.67713
2700    -6.67305
2701    -6.66866
2702     -6.6646
2703    -6.66088
2704    -6.65653
2705    -6.65189
2706    -6.64792
2707     -6.6443
2708     -6.6404
2709    -6.63621
2710    -6.63174
2711    -6.62764
2712    -6.62359
2713     -6.6196
2714    -6.61663
2715    -6.61339
2716     -6.6099
2717    -6.60711
2718    -6.60439
2719    -6.60077
2720    -6.59754
2721    -6.59438
2722    -6.59162
2723    -6.58861
2724    -6.58567
2725    -6.58281
2726    -6.58004
2727    -6.57766
2728    -6.57504
2729    -6.57218
2730    -6.56973
2731    -6.56736
2732    -6.56506
2733    -6.56318
2734    -6.56073
2735      -6.559
2736    -6.55703
2737    -6.55482
2738    -6.55268
2739     -6.5503
2740    -6.54865
2741    -6.54674
2742    -6.54523
2743    -6.54412
2744    -6.54276
2745    -6.54081
2746    -6.53991
2747    -6.53842
2748    -6.53732
2749    -6.53628
2750    -6.53497
2751    -6.53405
2752    -6.53286
2753    -6.53205
2754    -6.53129
2755    -6.53058
2756    -6.52927
2757    -6.52898
2758    -6.52905
2759    -6.52852
2760    -6.52836
2761    -6.52791
2762    -6.52783
2763    -6.52745
2764    -6.52711
2765    -6.52681
2766    -6.52653
2767    -6.52661
2768    -6.52671
2769    -6.52685
2770    -6.52604
2771    -6.52624
2772    -6.52613
2773    -6.52606
2774    -6.52536
2775    -6.52631
2776    -6.52567
2777    -6.52603
2778    -6.52576
2779    -6.52617
2780    -6.52596
2781     -6.5261
2782    -6.52627
2783    -6.52614
2784    -6.52603
2785    -6.52596
2786    -6.52688
2787    -6.52719
2788     -6.5272
2789    -6.52757
2790    -6.52796
2791    -6.52839
2792    -6.52885
2793    -6.52903
2794    -6.52955
2795    -6.52979
2796    -6.53039
2797    -6.53135
2798    -6.53235
2799    -6.53306
2800    -6.53477
2801    -6.53588
2802    -6.53703
2803     -6.5379
2804    -6.53848
2805    -6.53943
2806    -6.54042
2807    -6.54209
2808    -6.54284
2809    -6.54363
2810    -6.54543
2811    -6.54662
2812    -6.54786
2813    -6.54913
2814    -6.55045
2815    -6.55149
2816    -6.55224
2817    -6.55335
2818    -6.55451
2819    -6.55667
2820    -6.55887
2821    -6.55982
2822    -6.56145
2823    -6.56344
2824     -6.5658
2825    -6.56753
2826     -6.5693
2827     -6.5711
2828    -6.57357
2829    -6.57576
2830    -6.57797
2831    -6.57955
2832    -6.58085
2833    -6.58281
2834    -6.58415
2835    -6.58615
2836    -6.58818
2837     -6.5899
2838    -6.59196
2839    -6.59371
2840    -6.59547
2841    -6.59725
2842    -6.59904
2843    -6.60019
2844    -6.60265
2845    -6.60576
2846    -6.60726
2847    -6.60876
2848    -6.61124
2849    -6.61339
2850    -6.61523
2851    -6.61641
2852    -6.61824
2853    -6.62006
2854    -6.62221
2855    -6.62434
2856    -6.62744
2857    -6.62956
2858    -6.63167
2859    -6.63409
2860    -6.63617
2861    -6.63823
2862    -6.63995
2863    -6.64295
2864    -6.64529
2865     -6.6476
2866    -6.64957
2867    -6.65184
2868    -6.65376
2869    -6.65597
2870    -6.65816
2871       -6.66
2872    -6.66245
2873    -6.66454
2874    -6.66596
2875    -6.66766
2876    -6.66965
2877    -6.67161
2878    -6.67352
2879    -6.67507
2880    -6.67625
2881     -6.6777
2882    -6.67911
2883    -6.68015
2884    -6.68114
2885    -6.68272
2886     -6.6836
2887     -6.6854
2888    -6.68552
2889    -6.68655
2890    -6.68719
2891     -6.6881
2892    -6.68894
2893    -6.68907
2894    -6.69043
2895    -6.69074
2896    -6.69131
2897    -6.69214
2898    -6.69256
2899    -6.69291
2900    -6.69318
2901    -6.69338
2902    -6.69349
2903    -6.69418
2904    -6.69413
2905    -6.69401
2906    -6.69349
2907    -6.69289
2908    -6.69254
2909     -6.6921
2910    -6.69192
2911    -6.69133
2912    -6.69002
2913    -6.68896
2914    -6.68815
2915    -6.68728
2916    -6.68666
2917    -6.68534
2918    -6.68492
2919     -6.6838
2920    -6.68262
2921    -6.68107
2922     -6.6798
2923    -6.67849
2924    -6.67747
2925    -6.67513
2926    -6.67341
2927    -6.67232
2928    -6.67024
2929    -6.66913
2930    -6.66835
2931    -6.66661
2932    -6.66456
2933    -6.66351
2934    -6.66281
2935    -6.66117
2936    -6.66023
2937    -6.65902
2938     -6.6585
2939    -6.65709
2940    -6.65639
2941    -6.65576
2942     -6.6549
2943    -6.65412
2944    -6.65312
2945     -6.6522
2946    -6.65107
2947    -6.65166
2948    -6.65171
2949    -6.65121
2950     -6.6518
2951    -6.65185
2952    -6.65234
2953    -6.65261
2954    -6.65331
2955    -6.65347
2956    -6.65471
2957    -6.65508
2958    -6.65653
2959    -6.65742
2960    -6.65775
2961    -6.65882
2962    -6.65965
2963    -6.66185
2964    -6.66316
2965    -6.66453
2966    -6.66596
2967    -6.66713
2968    -6.66803
2969    -6.66962
2970    -6.67158
2971    -6.67325
2972    -6.67528
2973    -6.67669
2974    -6.67877
2975    -6.68152
2976    -6.68363
2977     -6.6851
2978    -6.68625
2979    -6.68806
2980    -6.68986
2981    -6.69197
2982    -6.69344
2983    -6.69521
2984    -6.69665
2985    -6.69775
2986    -6.69948
2987    -6.70054
2988    -6.70223
2989    -6.70357
2990     -6.7052
2991    -6.70649
2992    -6.70807
2993    -6.70897
2994    -6.71049
2995    -6.71165
2996    -6.71342
2997    -6.71452
2998    -6.71525
2999    -6.71563
